Participant	Trial	Condition	Frame_ID	Word_pred	FFD_ms	GD_ms	TRT_ms
1	4	4	1	0	1266.2	1266.2	1582.7
1	26	1	2	0.2	249.9	249.9	249.9
1	21	2	3	0.2	1582.8	1582.8	1582.8
1	13	3	4	0	348.6	348.6	1947.7
1	39	4	5	0.4	883	1649.9	2699.7
1	44	1	6	0.95	150	150	150
1	38	2	7	0	649.9	649.9	649.9
1	37	3	8	0.5	449.8	449.8	549.3
1	52	4	9	0	266.5	266.5	266.5
1	30	1	10	0.7	0	0	0
1	62	2	11	0.6	0	0	0
1	77	3	12	0.3	466.5	466.5	466.5
1	29	4	13	0.15	1449.3	1449.3	2298.8
1	56	1	14	0.4	0	0	0
1	76	2	15	0	416.1	599.5	599.5
1	16	3	16	0	499.9	933.1	933.1
1	8	4	17	0	699.8	949.6	2699
1	10	1	18	0.3	116.6	433.2	433.2
1	69	2	19	0.8	199.8	199.8	850.1
1	32	3	20	0.05	916.3	916.3	916.3
1	57	4	21	0	283.1	283.1	1665.8
1	50	1	22	0.45	583.1	583.1	583.1
1	74	2	23	0.15	233.2	233.2	449.9
1	48	3	24	0	815.4	1265.3	1265.3
1	1	4	25	0	233.1	233.1	1616
1	58	1	26	0.05	266.7	266.7	266.7
1	70	2	27	0	266.6	783.1	783.1
1	9	3	28	0	183.3	1299.5	1865.8
1	41	4	29	0	800	800	1083.1
1	66	1	30	0.5	368.8	368.8	918.6
1	45	2	31	0	833	833	2698.9
1	27	3	32	0.35	183.2	183.2	183.2
1	72	4	33	0	416	665.9	1848.8
1	20	1	34	0.2	383.6	383.6	383.6
1	31	2	35	0.1	333.2	433.6	433.6
1	68	3	36	0.05	599.7	599.7	599.7
1	11	4	37	0.05	217	217	716.7
1	55	1	38	0.1	199.9	199.9	366.4
1	36	2	39	0.35	233.3	233.3	233.3
1	23	3	40	0.1	782.6	982.6	1482.4
1	53	4	41	0.15	966.3	966.3	1782.7
1	67	1	42	0	367.1	1034.5	1034.5
1	61	2	43	0.25	782.8	782.8	982.7
1	2	3	44	0	949.5	1165.6	1165.6
1	80	4	45	0	1266.3	1266.3	1266.3
1	73	1	46	0.3	233.4	233.4	233.4
1	33	2	47	0	600.2	600.2	1733.2
1	35	3	48	0.1	266.7	266.7	266.7
1	60	4	49	0.1	350.4	350.4	1000.4
1	49	1	50	0.9	316.6	533.4	533.4
1	47	2	51	0.9	283.2	283.2	633.1
1	54	3	52	0.65	333.1	333.1	333.1
1	19	4	53	0.1	383.5	1366.8	1767.3
1	46	1	54	0.95	116.2	299.5	299.5
1	51	2	55	0	833.1	833.1	833.1
1	12	3	56	0.6	732.7	732.7	732.7
1	5	4	57	0.4	966.3	966.3	2248.8
1	15	1	58	0.65	466.6	466.6	466.6
1	79	2	59	0.8	250.1	250.1	250.1
1	64	3	60	0.1	683.1	683.1	683.1
1	43	4	61	0.05	749.9	1483.2	1483.2
1	25	1	62	0	216.5	216.5	216.5
1	59	2	63	0.15	250.3	250.3	583.4
1	7	3	64	0	199.9	199.9	1666.9
1	14	4	65	0	1016.3	1016.3	1266.2
1	22	1	66	0.15	366.7	366.7	366.7
1	3	2	67	0.05	982.9	982.9	982.9
1	18	3	68	0.05	433.2	1133.9	1133.9
1	42	4	69	0	233.2	233.2	2048.9
1	6	1	70	0.3	699.8	699.8	1199.5
1	17	2	71	0.05	816.8	816.8	816.8
1	24	3	72	0.6	399.6	399.6	499.5
1	71	4	73	0	250.1	1733	2332.8
1	40	1	74	0	349.9	466.7	466.7
1	28	2	75	0.45	1316.2	1316.2	1915.9
1	65	3	76	0	1032.9	1032.9	1032.9
1	34	4	77	0	466.3	466.3	3181.9
1	78	1	78	0.05	249.9	249.9	433.1
1	63	2	79	0.1	383.2	383.2	716.4
1	75	3	80	0.6	349.9	799.7	799.7
2	6	1	1	0	134.6	134.6	651.7
2	16	2	2	0.2	251.2	251.2	1068.4
2	7	3	3	0.2	166.5	466.4	1448.1
2	2	4	4	0	100.9	100.9	100.9
2	39	1	5	0.4	0	0	0
2	1	2	6	0.95	99.4	99.4	651.3
2	21	3	7	0	167.5	967.2	1066.1
2	23	4	8	0.5	266.7	266.7	2082.1
2	26	1	9	0	298.2	298.2	298.2
2	32	2	10	0.7	248.7	248.7	1064.9
2	40	3	11	0.6	216.8	598.8	598.8
2	27	4	12	0.3	199.7	199.7	2245.7
2	20	1	13	0.15	184.5	184.5	184.5
2	28	2	14	0.4	216.5	216.5	316.8
2	4	3	15	0	298.1	298.1	298.1
2	24	4	16	0	483	483	1365.5
2	3	1	17	0	0	0	0
2	8	2	18	0.3	101.3	101.3	368
2	29	3	19	0.8	367.9	601.2	735.6
2	17	4	20	0.05	366.6	1099.5	2397.8
2	11	1	21	0	100	216.3	349.9
2	5	2	22	0.45	266.1	266.1	1081.2
2	19	3	23	0.15	149.8	149.8	416.4
2	38	3	24	0	149.8	149.8	1131.6
2	10	1	25	0	0	0	0
2	25	2	26	0.05	184	184	184
2	13	3	27	0	300.3	300.3	1033.6
2	37	4	28	0	115.8	115.8	115.8
2	33	1	29	0	0	0	0
2	36	2	30	0.5	248.4	248.4	248.4
2	9	3	31	0	200.2	301.5	502.3
2	22	4	32	0.35	184.1	983.5	1316.9
2	31	1	33	0	184	184	401.5
2	14	2	34	0.2	233.4	233.4	233.4
2	35	3	35	0.1	166.6	166.6	332.6
2	34	4	36	0.05	349.9	349.9	1363.8
2	18	1	37	0.05	117.4	117.4	117.4
2	12	2	38	0.1	199.9	199.9	882.4
2	15	3	39	0.35	150	2967.6	3267.4
2	30	4	40	0.1	183.3	183.3	183.3
2	21	1	41	0.15	183.3	183.3	183.3
2	10	2	42	0	466.6	466.6	649.6
2	37	3	43	0.25	99.4	99.4	99.4
2	33	4	44	0	84.2	84.2	300.4
2	2	1	45	0	199.9	282.5	282.5
2	23	2	46	0.3	133.8	133.8	1051.7
2	29	3	47	0	116.2	116.2	116.2
2	26	4	48	0.1	250.9	250.9	250.9
2	15	1	49	0.1	99.2	99.2	99.2
2	3	2	50	0.9	317.2	317.2	317.2
2	16	1	51	0.9	0	0	0
2	4	4	52	0.65	333.1	1350.5	1350.5
2	19	1	53	0.1	100	100	200
2	28	2	54	0.95	99.8	315.5	315.5
2	40	3	55	0	83.2	166.4	166.4
2	17	4	56	0.6	682.9	682.9	765.7
2	18	1	57	0.4	0	0	0
2	12	2	58	0.65	0	0	0
2	6	3	59	0.8	166.7	166.7	166.7
2	36	4	60	0.1	0	0	0
2	8	1	61	0.05	283.7	283.7	283.7
2	14	2	62	0	0	0	0
2	30	3	63	0.15	116.5	116.5	116.5
2	24	3	64	0	100.3	750.1	750.1
2	11	1	65	0	133.2	133.2	266.5
2	35	2	66	0.15	0	0	0
2	38	3	67	0.05	99.5	99.5	182.5
2	9	4	68	0.05	116.4	116.4	116.4
2	34	1	69	0	0	0	0
2	22	2	70	0.3	133.5	133.5	702.2
2	5	3	71	0.05	583.3	583.3	583.3
2	13	4	72	0.6	233.3	233.3	233.3
2	1	1	73	0	248.4	380.2	529.4
2	31	2	74	0	0	0	0
2	20	3	75	0.45	219.4	219.4	219.4
2	7	4	76	0	516.4	599.6	1449
2	39	1	77	0	0	0	0
2	27	2	78	0.05	283.2	283.2	681.2
2	25	3	79	0.1	383.2	582.7	683
2	32	4	80	0.6	233.5	417.9	417.9
3	37	2	1	0	366.6	366.6	366.6
3	21	3	2	0.2	266.4	266.4	266.4
3	39	4	3	0.2	449.8	1282.1	1282.1
3	25	1	4	0	0	0	0
3	3	2	5	0.4	250.6	250.6	250.6
3	5	3	6	0.95	283.5	2082.8	2082.8
3	40	4	7	0	600.2	3016.1	4682.2
3	14	2	8	0.5	166.7	166.7	166.7
3	23	2	9	0	866.3	866.3	1333.8
3	16	3	10	0.7	149.9	149.9	666.3
3	9	4	11	0.6	933.1	933.1	933.1
3	20	1	12	0.3	199.4	199.4	199.4
3	18	2	13	0.15	680.7	680.7	680.7
3	26	3	14	0.4	216.6	216.6	916
3	17	4	15	0	249.9	1682.7	1682.7
3	35	1	16	0	194.9	194.9	194.9
3	6	2	17	0	1399.5	1399.5	1399.5
3	29	3	18	0.3	249.8	249.8	249.8
3	4	4	19	0.8	850.5	850.5	850.5
3	30	1	20	0.05	1099.8	1300.3	1300.3
3	27	2	21	0	431.9	431.9	431.9
3	38	3	22	0.45	1649.3	1649.3	1649.3
3	19	4	23	0.15	433.1	433.1	1266.7
3	2	1	24	0	532.7	1049.2	1049.2
3	24	2	25	0	349.8	349.8	1899.2
3	31	3	26	0.05	499.2	499.2	1448.2
3	36	4	27	0	466.4	1551.1	1551.1
3	13	1	28	0	149.1	149.1	149.1
3	1	2	29	0	266.4	266.4	2184.2
3	22	3	30	0.5	899.6	899.6	899.6
3	33	4	31	0	199.9	199.9	199.9
3	32	1	32	0.35	733.1	2100.3	2100.3
3	34	2	33	0	433.8	433.8	433.8
3	8	3	34	0.2	266.6	1482.8	1482.8
3	12	4	35	0.1	399.8	550.9	866.7
3	7	1	36	0.05	516.4	516.4	516.4
3	28	2	37	0.05	667.4	667.4	667.4
3	15	3	38	0.1	799.6	1516.1	1516.1
3	10	4	39	0.35	665.7	665.7	665.7
3	11	1	40	0.1	0	0	0
3	3	2	41	0.15	216.8	216.8	216.8
3	28	3	42	0	116.3	116.3	299.6
3	6	4	43	0.25	683.5	683.5	683.5
3	4	1	44	0	483.8	967	967
3	1	2	45	0	182.5	182.5	182.5
3	13	3	46	0.3	416.6	416.6	416.6
3	19	4	47	0	683.1	766.4	983
3	11	1	48	0.1	566.4	566.4	566.4
3	23	2	49	0.1	99.8	99.8	1997.4
3	22	3	50	0.9	200.3	200.3	200.3
3	27	4	51	0.9	433.5	433.5	433.5
3	26	1	52	0.65	349.8	349.8	349.8
3	21	2	53	0.1	682.3	682.3	682.3
3	36	3	54	0.95	133.4	133.4	133.4
3	33	4	55	0	98.3	313.2	313.2
3	34	1	56	0.6	200.2	200.2	200.2
3	24	2	57	0.4	465.3	465.3	465.3
3	30	3	58	0.65	699.7	699.7	699.7
3	31	4	59	0.8	515.9	2515.1	4561.5
3	25	1	60	0.1	224.8	224.8	224.8
3	40	2	61	0.05	1282.1	1282.1	1282.1
3	8	3	62	0	966.3	966.3	1117.3
3	17	4	63	0.15	299.8	299.8	550
3	18	1	64	0	249.3	401	800.8
3	29	2	65	0	133.8	133.8	783.8
3	10	3	66	0.15	533.4	1417.1	1417.1
3	37	4	67	0.05	415.7	415.7	849.4
3	38	1	68	0.05	0	0	0
3	35	2	69	0	249.9	249.9	2116
3	32	3	70	0.3	715.1	1131.3	1131.3
3	16	4	71	0.05	333.6	333.6	333.6
3	12	1	72	0.6	0	0	0
3	20	2	73	0	400.1	1383	1750.6
3	5	3	74	0	200.7	1018.1	1018.1
3	14	4	75	0.45	416.5	416.5	416.5
3	39	1	76	0	0	0	0
3	2	2	77	0	1299.5	1982.6	1982.6
3	15	3	78	0.05	217.5	217.5	1000.4
3	9	4	79	0.1	383.2	1566.1	1566.1
3	7	1	80	0.6	866.6	866.6	866.6
4	8	3	1	0	617.6	1300.7	1300.7
4	27	4	2	0.2	0	0	0
4	25	1	3	0.2	149.9	149.9	700.2
4	9	2	4	0	615.4	615.4	1431.7
4	20	3	5	0.4	1334	1334	1334
4	6	4	6	0.95	833	1832.2	1832.2
4	21	1	7	0	166.1	166.1	166.1
4	31	2	8	0.5	366.5	366.5	366.5
4	28	3	9	0	266.6	966.9	966.9
4	36	4	10	0.7	316.4	418.1	1816.7
4	11	1	11	0.6	466.7	466.7	466.7
4	13	2	12	0.3	817.3	817.3	817.3
4	34	3	13	0.15	2032.7	2032.7	2032.7
4	33	4	14	0.4	850	850	1314.3
4	24	1	15	0	199.8	199.8	199.8
4	7	2	16	0	1198.8	2231.3	2414.6
4	17	3	17	0	249.9	249.9	782.9
4	3	4	18	0.3	483.1	1531.6	1531.6
4	23	1	19	0.8	366.6	366.6	366.6
4	18	2	20	0.05	916.2	916.2	916.2
4	1	3	21	0	482.9	482.9	482.9
4	14	4	22	0.45	1282.9	1282.9	1400.2
4	4	1	23	0.15	366.5	366.5	366.5
4	12	2	24	0	267.1	267.1	267.1
4	29	3	25	0	283.6	283.6	749.3
4	30	4	26	0.05	350	350	866.5
4	15	1	27	0	250.5	250.5	417.3
4	40	2	28	0	165	165	165
4	22	3	29	0	150.6	150.6	750.4
4	5	4	30	0.5	733.1	733.1	1166.8
4	39	1	31	0	0	0	0
4	19	2	32	0.35	1316.2	1899.6	1899.6
4	2	3	33	0	533.1	533.1	533.1
4	38	4	34	0.2	1214.6	1664.5	1964.2
4	32	1	35	0.1	384.4	384.4	384.4
4	26	2	36	0.05	366.6	699.8	699.8
4	35	3	37	0.05	1099.6	1099.6	1099.6
4	37	4	38	0.1	1466.9	1466.9	1466.9
4	10	1	39	0.35	317.5	467.4	467.4
4	16	2	40	0.1	1682.8	1682.8	1682.8
4	17	3	41	0.15	249.4	1849.6	1849.6
4	34	4	42	0	1799.1	1799.1	1799.1
4	7	1	43	0.25	349.8	466.5	466.5
4	32	2	44	0	166.5	166.5	3164.5
4	29	3	45	0	649.9	649.9	649.9
4	39	4	46	0.3	666.8	666.8	850.5
4	22	1	47	0	666.5	666.5	666.5
4	30	2	48	0.1	566.3	566.3	1102
4	18	3	49	0.1	467.2	1017	2413.7
4	38	4	50	0.9	316.4	316.4	1782.9
4	23	1	51	0.9	233.9	233.9	233.9
4	33	2	52	0.65	733	733	3115.6
4	40	3	53	0.1	183.4	183.4	1751.2
4	14	4	54	0.95	266.9	665.8	2752.2
4	15	1	55	0	548.6	548.6	548.6
4	6	2	56	0.6	633.5	633.5	633.5
4	26	3	57	0.4	149.9	533.2	1333.2
4	8	4	58	0.65	265.8	1464.1	1464.1
4	35	1	59	0.8	649.3	649.3	649.3
4	37	2	60	0.1	149.5	2985.6	2985.6
4	12	3	61	0.05	366.5	366.5	499.8
4	25	4	62	0	399.8	600	1315.5
4	27	1	63	0.15	149.9	149.9	234.5
4	2	2	64	0	1717.4	1717.4	2933.7
4	11	3	65	0	184.4	184.4	184.4
4	1	4	66	0.15	399.5	2217	2367.5
4	24	1	67	0.05	1249.4	1249.4	1249.4
4	13	2	68	0.05	699.7	699.7	1765.3
4	20	3	69	0	467.4	467.4	467.4
4	4	4	70	0.3	216.5	216.5	1400.9
4	36	1	71	0.05	100	100	516.5
4	28	2	72	0.6	666.1	1866.7	1866.7
4	10	3	73	0	383.4	568	568
4	19	4	74	0	166.6	698.8	698.8
4	9	1	75	0.45	0	0	0
4	31	2	76	0	315.7	1532.9	1532.9
4	3	3	77	0	1149.5	1149.5	1149.5
4	16	4	78	0.05	583.1	918.4	3055
4	21	1	79	0.1	416	416	632.5
4	5	2	80	0.6	649.1	649.1	649.1
5	21	1	1	0	266.6	266.6	450
5	38	2	2	0.2	0	0	0
5	39	3	3	0.2	149.4	149.4	149.4
5	31	4	4	0	317	317	1848.1
5	11	1	5	0.4	116.6	366.5	582.6
5	7	2	6	0.95	1067.6	1450.8	1450.8
5	15	3	7	0	115.9	115.9	2097
5	22	4	8	0.5	166.7	166.7	2931.7
5	19	1	9	0	416.7	416.7	699.4
5	33	2	10	0.7	367	517.8	517.8
5	1	3	11	0.6	300	300	985.6
5	34	4	12	0.3	249.9	249.9	249.9
5	30	1	13	0.15	150.1	150.1	150.1
5	17	2	14	0.4	150.2	150.2	150.2
5	28	3	15	0	599.2	599.2	599.2
5	18	4	16	0	266.5	266.5	883
5	12	1	17	0	267.2	267.2	267.2
5	26	2	18	0.3	249	249	249
5	6	3	19	0.8	700.2	1683.2	1683.2
5	25	4	20	0.05	0	0	0
5	35	1	21	0	233.3	233.3	602.3
5	13	2	22	0.45	533.3	533.3	2147.9
5	20	3	23	0.15	316.7	316.7	316.7
5	16	3	24	0	150.6	150.6	600.4
5	36	1	25	0	133.3	133.3	366.5
5	24	2	26	0.05	299.9	299.9	967.1
5	5	3	27	0	250	250	783
5	10	4	28	0	616.3	616.3	815.4
5	23	1	29	0	166.6	166.6	699.6
5	3	2	30	0.5	249.6	249.6	1899.4
5	27	3	31	0	283.4	283.4	283.4
5	4	4	32	0.35	265.7	265.7	3881.2
5	9	1	33	0	215.9	215.9	798.2
5	2	2	34	0.2	216.5	216.5	599.9
5	40	3	35	0.1	234.8	234.8	2099.9
5	37	4	36	0.05	216.8	216.8	1665.6
5	32	1	37	0.05	299.8	299.8	299.8
5	29	2	38	0.1	0	0	0
5	14	3	39	0.35	699.6	1166.2	1166.2
5	8	4	40	0.1	198.8	198.8	1098.7
5	23	1	41	0.15	216.5	216.5	483.1
5	1	2	42	0	232.9	232.9	766.3
5	22	3	43	0.25	267.1	267.1	800.2
5	27	4	44	0	1149.3	1514.1	2581.2
5	31	1	45	0	333.1	333.1	483.1
5	12	2	46	0.3	283.1	283.1	2482.5
5	10	3	47	0	283.3	1730.1	2563.3
5	13	4	48	0.1	200.4	1732.6	2298.9
5	26	1	49	0.1	432.6	432.6	432.6
5	32	2	50	0.9	233.3	233.3	783.1
5	11	1	51	0.9	266.5	266.5	266.5
5	37	4	52	0.65	333.3	333.3	1732.6
5	4	1	53	0.1	0	0	0
5	40	2	54	0.95	982.9	982.9	982.9
5	21	3	55	0	201.5	201.5	201.5
5	24	4	56	0.6	384	1397.9	1397.9
5	3	1	57	0.4	283.3	283.3	283.3
5	19	2	58	0.65	0	0	0
5	39	3	59	0.8	0	0	0
5	16	4	60	0.1	283.1	283.1	3084.1
5	17	1	61	0.05	450.5	450.5	450.5
5	25	2	62	0	0	0	0
5	36	3	63	0.15	799.8	1733.1	1733.1
5	5	3	64	0	399.4	399.4	1815.6
5	6	1	65	0	266.7	266.7	566.5
5	15	2	66	0.15	250.1	250.1	500.1
5	34	3	67	0.05	266.5	266.5	2914.9
5	28	4	68	0.05	266.6	266.6	266.6
5	14	1	69	0	0	0	0
5	30	2	70	0.3	516.4	516.4	516.4
5	29	3	71	0.05	466.4	466.4	865.2
5	35	4	72	0.6	316.6	316.6	316.6
5	38	1	73	0	216.5	216.5	216.5
5	33	2	74	0	199.9	199.9	433.8
5	8	3	75	0.45	316.5	316.5	1182.8
5	20	4	76	0	233	233	1831.5
5	2	1	77	0	150.6	333.8	333.8
5	9	2	78	0.05	799.8	799.8	799.8
5	18	3	79	0.1	249	249	2000.5
5	7	4	80	0.6	1116.3	1116.3	1249.6
6	15	4	1	0	283.2	699.5	1115.9
6	22	1	2	0.2	266.3	266.3	266.3
6	26	2	3	0.2	415.7	1065.9	1065.9
6	28	3	4	0	166.2	166.2	1199.6
6	18	4	5	0.4	449.9	984.1	984.1
6	36	1	6	0.95	266.6	266.6	266.6
6	5	2	7	0	483.2	882.5	1898.5
6	10	3	8	0.5	284	284	1450.3
6	33	4	9	0	383.9	717.1	4118.4
6	14	1	10	0.7	233.3	233.3	233.3
6	29	2	11	0.6	749.7	749.7	749.7
6	21	3	12	0.3	666.6	666.6	666.6
6	30	4	13	0.15	385.3	1884.8	1884.8
6	37	1	14	0.4	0	0	0
6	11	2	15	0	599.8	984	984
6	32	3	16	0	649.7	649.7	649.7
6	23	4	17	0	783	783	2482.3
6	17	1	18	0.3	565.9	565.9	565.9
6	34	2	19	0.8	866.3	866.3	1866
6	40	3	20	0.05	1083.3	1083.3	1083.3
6	6	4	21	0	1598.7	1598.7	1598.7
6	39	1	22	0.45	299.9	299.9	299.9
6	13	2	23	0.15	249.9	249.9	249.9
6	12	3	24	0	1132.8	1132.8	1132.8
6	38	4	25	0	849.9	849.9	1817
6	7	1	26	0.05	0	0	0
6	31	2	27	0	1332.8	1332.8	1332.8
6	20	3	28	0	216.5	216.5	216.5
6	35	4	29	0	733.5	733.5	3316.6
6	1	1	30	0.5	0	0	0
6	9	2	31	0	233.7	233.7	233.7
6	2	3	32	0.35	166.9	166.9	166.9
6	24	4	33	0	768	768	4050.9
6	4	1	34	0.2	399.8	399.8	399.8
6	8	2	35	0.1	1049.5	1049.5	2269.1
6	19	3	36	0.05	533.9	533.9	533.9
6	16	4	37	0.05	399.9	399.9	666.4
6	25	1	38	0.1	0	0	0
6	3	2	39	0.35	200	200	200
6	27	3	40	0.1	449.8	449.8	449.8
6	2	4	41	0.15	583.1	583.1	1266.4
6	12	1	42	0	233.2	233.2	233.2
6	27	2	43	0.25	933	2115.9	2115.9
6	36	3	44	0	366.7	366.7	366.7
6	10	4	45	0	333.1	333.1	333.1
6	38	1	46	0.3	233.2	233.2	233.2
6	37	2	47	0	233.2	233.2	1083
6	24	3	48	0.1	615.4	615.4	1232.2
6	30	4	49	0.1	334	1550.4	2315.5
6	15	1	50	0.9	216	216	216
6	34	2	51	0.9	183.2	183.2	449.9
6	19	3	52	0.65	283.5	283.5	283.5
6	4	4	53	0.1	2648.2	2648.2	2648.2
6	22	1	54	0.95	0	0	0
6	13	2	55	0	515.8	515.8	1366.9
6	7	3	56	0.6	649.8	733.1	733.1
6	25	4	57	0.4	233.1	2265.3	2265.3
6	28	1	58	0.65	433.1	433.1	1016.2
6	8	2	59	0.8	0	0	0
6	32	3	60	0.1	932.8	932.8	932.8
6	33	4	61	0.05	584.6	584.6	2268.2
6	17	1	62	0	250	250	250
6	3	2	63	0.15	416.4	998	2131.3
6	16	3	64	0	781.5	1247.9	1247.9
6	6	4	65	0	233	233	233
6	18	1	66	0.15	0	0	0
6	5	2	67	0.05	251.6	251.6	251.6
6	40	3	68	0.05	316.5	598.9	1915.1
6	26	4	69	0	932.7	932.7	932.7
6	39	1	70	0.3	0	0	0
6	20	2	71	0.05	733.1	733.1	733.1
6	35	3	72	0.6	450.8	450.8	450.8
6	21	4	73	0	334.2	334.2	933.4
6	29	1	74	0	0	0	0
6	23	2	75	0.45	1266.2	1632.5	1632.5
6	9	3	76	0	383.1	916.3	916.3
6	31	4	77	0	782.7	782.7	2198.3
6	11	1	78	0.05	401.9	401.9	401.9
6	1	2	79	0.1	200.1	200.1	549.9
6	14	3	80	0.6	433.1	1115.8	2147
7	39	3	1	0	268	735.5	2618.1
7	18	4	2	0.2	1149.9	1149.9	1149.9
7	3	1	3	0.2	199.3	199.3	417.2
7	37	2	4	0	183.3	183.3	898.2
7	10	3	5	0.4	199.9	199.9	2215.7
7	32	4	6	0.95	0	0	0
7	28	1	7	0	399.7	399.7	399.7
7	14	2	8	0.5	166.5	166.5	482.5
7	20	3	9	0	133.3	883	1266.1
7	26	4	10	0.7	366.4	366.4	1849.3
7	1	1	11	0.6	200.4	200.4	200.4
7	40	2	12	0.3	199.1	199.1	382
7	27	3	13	0.15	899.7	2633.4	2633.4
7	23	4	14	0.4	183.3	183.3	848.8
7	38	1	15	0	399.8	399.8	399.8
7	17	2	16	0	133.7	133.7	1882.8
7	5	3	17	0	749.7	749.7	1917.5
7	35	4	18	0.3	366.8	366.8	717.4
7	34	1	19	0.8	183.2	299.8	749.6
7	11	2	20	0.05	232.4	232.4	232.4
7	8	3	21	0	549.6	549.6	1183.4
7	22	4	22	0.45	100	100	2029.2
7	19	1	23	0.15	0	0	0
7	7	2	24	0	269.8	269.8	269.8
7	25	3	25	0	266	617.4	617.4
7	6	4	26	0.05	215.7	779.8	3529.2
7	24	1	27	0	183.6	183.6	183.6
7	13	2	28	0	83.5	83.5	300.1
7	29	3	29	0	549.6	549.6	549.6
7	2	4	30	0.5	349	349	1748.6
7	4	1	31	0	0	0	0
7	15	2	32	0.35	999.8	1466.9	1750.3
7	36	3	33	0	216.5	549.7	1314.4
7	30	4	34	0.2	200	200	448.9
7	31	1	35	0.1	150.1	150.1	150.1
7	12	2	36	0.05	0	0	0
7	16	3	37	0.05	182.6	182.6	397.7
7	33	4	38	0.1	333.8	333.8	3798.6
7	21	1	39	0.35	300.2	300.2	416.8
7	9	2	40	0.1	216.6	216.6	216.6
7	11	3	41	0.15	549.4	549.4	949.3
7	37	4	42	0	316.9	316.9	1299.9
7	14	1	43	0.25	516.5	516.5	833.2
7	34	2	44	0	184.3	184.3	184.3
7	35	3	45	0	735.2	735.2	735.2
7	15	4	46	0.3	166.5	1049.6	1049.6
7	16	1	47	0	166.7	166.7	583.2
7	36	2	48	0.1	516.6	516.6	516.6
7	38	3	49	0.1	199.9	199.9	1798
7	5	4	50	0.9	849.7	849.7	3048.7
7	2	1	51	0.9	0	0	0
7	22	2	52	0.65	152.3	152.3	469.2
7	1	3	53	0.1	516.5	516.5	1566.8
7	7	4	54	0.95	949.7	1349.7	2365.9
7	21	1	55	0	283.6	934.9	934.9
7	13	2	56	0.6	183.3	1049.5	1049.5
7	19	3	57	0.4	283.3	283.3	283.3
7	8	4	58	0.65	399.3	399.3	799.2
7	39	1	59	0.8	483.1	483.1	483.1
7	18	2	60	0.1	633	633	633
7	32	3	61	0.05	183.3	183.3	1182.5
7	25	4	62	0	382.4	981.1	1612.8
7	31	1	63	0.15	383.2	383.2	533.1
7	9	2	64	0	149.1	149.1	149.1
7	23	3	65	0	0	0	0
7	30	4	66	0.15	533	533	1166.1
7	17	1	67	0.05	366.3	583.1	1515.9
7	3	2	68	0.05	0	0	0
7	28	3	69	0	466.7	466.7	1116.6
7	4	4	70	0.3	233.2	233.2	3419.1
7	27	1	71	0.05	0	0	0
7	33	2	72	0.6	166.3	166.3	166.3
7	6	3	73	0	349.7	1049.2	1049.2
7	12	4	74	0	532.6	865.9	865.9
7	24	1	75	0.45	149.9	149.9	149.9
7	40	2	76	0	233.1	233.1	950.2
7	29	3	77	0	0	0	0
7	26	4	78	0.05	849.4	849.4	4032.7
7	20	1	79	0.1	250.5	250.5	250.5
7	10	2	80	0.6	316.5	316.5	766.2
8	32	2	1	0	684.1	684.1	1466.7
8	28	3	2	0.2	400.1	400.1	1284
8	22	4	3	0.2	283.3	283.3	483.3
8	30	1	4	0	334.8	334.8	1019.2
8	8	2	5	0.4	0	0	0
8	1	3	6	0.95	350.6	350.6	350.6
8	40	4	7	0	367.1	367.1	1100.2
8	5	2	8	0.5	201	201	201
8	9	2	9	0	0	0	0
8	10	3	10	0.7	199.8	199.8	199.8
8	16	4	11	0.6	150	150	150
8	27	1	12	0.3	217.1	217.1	749.3
8	4	2	13	0.15	216	216	616
8	24	3	14	0.4	216.6	216.6	216.6
8	23	4	15	0	166.5	166.5	483.6
8	18	1	16	0	201.1	201.1	402.5
8	36	2	17	0	549.7	549.7	2483
8	6	3	18	0.3	149.6	149.6	482.7
8	3	4	19	0.8	482.8	482.8	482.8
8	19	1	20	0.05	0	0	0
8	37	2	21	0	249.2	249.2	1364.7
8	26	3	22	0.45	333.2	333.2	999.6
8	39	4	23	0.15	134	134	866.5
8	13	1	24	0	0	0	0
8	25	2	25	0	184	184	184
8	33	3	26	0.05	266.6	266.6	517.9
8	29	4	27	0	250.2	250.2	1387.6
8	35	1	28	0	0	0	0
8	21	2	29	0	416.6	416.6	2029.3
8	17	3	30	0.5	183.6	183.6	531.9
8	15	4	31	0	333.6	415.4	764.1
8	31	1	32	0.35	233.6	233.6	233.6
8	20	2	33	0	182.8	182.8	1000.5
8	7	3	34	0.2	0	0	0
8	14	4	35	0.1	166.7	166.7	166.7
8	34	1	36	0.05	400.5	400.5	400.5
8	2	2	37	0.05	167.4	167.4	167.4
8	11	3	38	0.1	0	0	0
8	12	4	39	0.35	250.9	250.9	1751.7
8	38	1	40	0.1	800.2	800.2	2733.3
8	30	2	41	0.15	0	0	0
8	34	3	42	0	632.4	632.4	1365.6
8	32	4	43	0.25	183.8	183.8	1366.9
8	12	1	44	0	249.9	249.9	249.9
8	13	2	45	0	0	0	0
8	33	3	46	0.3	748.5	748.5	1132.1
8	2	4	47	0	199.7	199.7	816
8	29	1	48	0.1	229.7	229.7	378.7
8	23	2	49	0.1	266.6	266.6	966
8	19	3	50	0.9	534.6	534.6	534.6
8	3	4	51	0.9	367.2	483.8	483.8
8	8	1	52	0.65	516.6	516.6	516.6
8	6	2	53	0.1	450.7	450.7	450.7
8	14	3	54	0.95	183.4	600.6	967.1
8	10	4	55	0	1166.6	1383.4	1383.4
8	21	1	56	0.6	799.8	799.8	799.8
8	17	2	57	0.4	151.2	151.2	151.2
8	22	3	58	0.65	0	0	0
8	36	4	59	0.8	266.9	900	1266.6
8	27	1	60	0.1	333.3	333.3	333.3
8	11	2	61	0.05	684.8	684.8	1151.8
8	18	3	62	0	233.3	233.3	504.3
8	26	4	63	0.15	166.7	166.7	1015.9
8	20	1	64	0	532.1	765.6	915.4
8	35	2	65	0	300.7	300.7	701.3
8	31	3	66	0.15	134	134	417.9
8	37	4	67	0.05	533.2	533.2	899.8
8	40	1	68	0.05	449.7	449.7	449.7
8	25	2	69	0	265.5	265.5	1181.5
8	7	3	70	0.3	0	0	0
8	28	4	71	0.05	383	383	383
8	9	1	72	0.6	300.1	300.1	300.1
8	1	2	73	0	0	0	0
8	38	3	74	0	149.9	149.9	149.9
8	39	4	75	0.45	266.1	266.1	432.7
8	16	1	76	0	280.5	280.5	280.5
8	5	2	77	0	366.6	366.6	366.6
8	24	3	78	0.05	383.1	383.1	383.1
8	15	4	79	0.1	299.8	299.8	1199.1
8	4	1	80	0.6	533.9	533.9	766.5
9	29	4	1	0	516.2	516.2	516.2
9	27	1	2	0.2	216.6	216.6	417.5
9	11	2	3	0.2	184.3	650.7	650.7
9	22	3	4	0	183.2	183.2	183.2
9	4	4	5	0.4	249.9	415.5	667.3
9	9	1	6	0.95	0	0	0
9	10	2	7	0	279.6	279.6	279.6
9	7	3	8	0.5	434.4	434.4	801
9	33	4	9	0	300.1	632.2	632.2
9	17	1	10	0.7	0	0	0
9	8	2	11	0.6	466.5	466.5	466.5
9	24	3	12	0.3	233.3	233.3	616.5
9	34	4	13	0.15	533	533	533
9	16	1	14	0.4	0	0	0
9	39	2	15	0	549.7	549.7	549.7
9	37	3	16	0	284	284	284
9	26	4	17	0	383.3	383.3	1913.8
9	18	1	18	0.3	0	0	0
9	19	2	19	0.8	497.7	497.7	731.9
9	32	3	20	0.05	582.4	582.4	582.4
9	40	4	21	0	0	0	0
9	21	1	22	0.45	249.6	249.6	249.6
9	38	2	23	0.15	233.7	233.7	233.7
9	15	3	24	0	214.7	214.7	214.7
9	31	4	25	0	183.9	183.9	1201.2
9	23	1	26	0.05	349.9	349.9	349.9
9	25	2	27	0	0	0	0
9	20	3	28	0	616.4	616.4	616.4
9	2	4	29	0	233.2	233.2	783.6
9	1	1	30	0.5	0	0	0
9	3	2	31	0	266.6	648.7	648.7
9	12	3	32	0.35	468.4	468.4	468.4
9	5	4	33	0	1000.8	1000.8	1000.8
9	28	1	34	0.2	216.5	216.5	216.5
9	35	2	35	0.1	0	0	0
9	13	3	36	0.05	549.7	549.7	549.7
9	36	4	37	0.05	367.9	367.9	367.9
9	6	1	38	0.1	282.8	282.8	282.8
9	30	2	39	0.35	0	0	0
9	14	3	40	0.1	517.7	1150.9	1150.9
9	14	4	41	0.15	768.4	768.4	768.4
9	22	1	42	0	499.8	499.8	499.8
9	1	2	43	0.25	0	0	0
9	35	3	44	0	183	183	183
9	38	4	45	0	383.6	383.6	383.6
9	11	1	46	0.3	0	0	0
9	27	2	47	0	382.8	382.8	382.8
9	19	3	48	0.1	550.7	550.7	550.7
9	25	4	49	0.1	534.1	534.1	534.1
9	3	1	50	0.9	782.8	782.8	782.8
9	16	2	51	0.9	599.7	816.2	1049.6
9	6	3	52	0.65	616.5	616.5	616.5
9	39	4	53	0.1	0	0	0
9	2	1	54	0.95	217	217	217
9	8	2	55	0	1067.7	1067.7	1733.7
9	21	3	56	0.6	415.6	898.7	898.7
9	17	4	57	0.4	333.3	333.3	333.3
9	20	1	58	0.65	550.1	550.1	932.3
9	31	2	59	0.8	201.2	201.2	201.2
9	29	3	60	0.1	0	0	0
9	33	4	61	0.05	316.4	316.4	600.6
9	34	1	62	0	0	0	0
9	30	2	63	0.15	549.3	549.3	549.3
9	28	3	64	0	549.6	732	732
9	32	4	65	0	416.5	416.5	416.5
9	12	1	66	0.15	266	266	482.7
9	9	2	67	0.05	500.7	500.7	500.7
9	5	3	68	0.05	750.4	750.4	750.4
9	40	4	69	0	0	0	0
9	4	1	70	0.3	0	0	0
9	13	2	71	0.05	350.6	900.3	900.3
9	10	3	72	0.6	499.6	499.6	499.6
9	37	4	73	0	400.5	400.5	400.5
9	7	1	74	0	0	0	0
9	36	2	75	0.45	483.2	600.4	600.4
9	24	3	76	0	466.5	466.5	466.5
9	15	4	77	0	833.4	833.4	1000.4
9	26	1	78	0.05	516.5	516.5	516.5
9	18	2	79	0.1	433.3	433.3	433.3
9	23	3	80	0.6	517.6	517.6	517.6
10	28	1	1	0	0	0	0
10	16	2	2	0.2	333.3	333.3	333.3
10	36	3	3	0.2	383.3	383.3	383.3
10	6	4	4	0	449.8	863.6	996.7
10	29	1	5	0.4	200.7	200.7	200.7
10	23	2	6	0.95	433.3	433.3	433.3
10	31	3	7	0	183.3	766.4	766.4
10	39	4	8	0.5	117.2	117.2	1417.1
10	32	1	9	0	150	150	150
10	21	2	10	0.7	831.6	831.6	831.6
10	12	3	11	0.6	399.9	532.4	865.6
10	18	4	12	0.3	233.2	233.2	233.2
10	35	1	13	0.15	0	0	0
10	33	2	14	0.4	465.9	465.9	865
10	38	3	15	0	649.7	765.7	765.7
10	8	4	16	0	249.9	249.9	799
10	27	1	17	0	183.2	183.2	183.2
10	5	2	18	0.3	850.1	850.1	850.1
10	25	3	19	0.8	299.8	299.8	1048.6
10	13	4	20	0.05	282.8	282.8	665.6
10	37	1	21	0	0	0	0
10	26	2	22	0.45	433.1	433.1	433.1
10	7	3	23	0.15	718.4	718.4	951.7
10	15	3	24	0	183.3	183.3	316.4
10	19	1	25	0	0	0	0
10	24	2	26	0.05	249.8	249.8	550.3
10	3	3	27	0	549.8	633.1	633.1
10	17	4	28	0	499.5	499.5	499.5
10	34	1	29	0	183.5	183.5	183.5
10	22	2	30	0.5	666.4	1366.1	1366.1
10	4	3	31	0	383.2	383.2	582.9
10	40	4	32	0.35	183.4	183.4	1083.5
10	20	1	33	0	450.7	450.7	450.7
10	11	2	34	0.2	149.2	149.2	715.7
10	10	3	35	0.1	349.8	349.8	349.8
10	9	4	36	0.05	249.9	249.9	249.9
10	2	1	37	0.05	0	0	0
10	14	2	38	0.1	183.3	183.3	1199.1
10	30	3	39	0.35	583	583	583
10	1	4	40	0.1	166.6	166.6	366.5
10	24	1	41	0.15	99.9	99.9	99.9
10	37	2	42	0	731.1	731.1	731.1
10	29	3	43	0.25	99.8	99.8	99.8
10	27	4	44	0	516.5	516.5	516.5
10	38	1	45	0	200.3	200.3	483.6
10	30	2	46	0.3	733	733	1316.1
10	11	3	47	0	183.2	183.2	516.5
10	9	4	48	0.1	299.2	299.2	299.2
10	23	1	49	0.1	333.1	333.1	333.1
10	22	2	50	0.9	283.1	283.1	449.8
10	1	1	51	0.9	649.3	649.3	649.3
10	16	4	52	0.65	549.8	549.8	815.3
10	26	1	53	0.1	299.3	299.3	299.3
10	2	2	54	0.95	433.2	433.2	433.2
10	17	3	55	0	233.3	233.3	1348.9
10	19	4	56	0.6	165.9	165.9	765.8
10	32	1	57	0.4	0	0	0
10	13	2	58	0.65	415.6	415.6	415.6
10	15	3	59	0.8	299.9	299.9	299.9
10	6	4	60	0.1	982.2	982.2	982.2
10	35	1	61	0.05	533.1	533.1	733
10	7	2	62	0	232.6	415.9	415.9
10	14	3	63	0.15	316.9	316.9	316.9
10	20	3	64	0	283.7	800.1	1316.4
10	36	1	65	0	0	0	0
10	3	2	66	0.15	216.6	216.6	216.6
10	10	3	67	0.05	549.9	549.9	549.9
10	39	4	68	0.05	316.6	316.6	316.6
10	12	1	69	0	216.6	216.6	216.6
10	25	2	70	0.3	283.5	283.5	283.5
10	28	3	71	0.05	283.3	283.3	283.3
10	31	4	72	0.6	166.6	166.6	166.6
10	34	1	73	0	199.9	199.9	199.9
10	8	2	74	0	216.8	216.8	216.8
10	18	3	75	0.45	150	150	617
10	21	4	76	0	983	983	1315.7
10	33	1	77	0	215.5	215.5	665.1
10	5	2	78	0.05	316.6	316.6	316.6
10	40	3	79	0.1	749.8	749.8	883
10	4	4	80	0.6	484.4	484.4	884
11	2	2	1	0	133.3	133.3	133.3
11	5	3	2	0.2	432.4	432.4	532.8
11	24	4	3	0.2	316.3	316.3	1484.5
11	3	1	4	0	0	0	0
11	27	2	5	0.4	284.5	284.5	751.1
11	6	3	6	0.95	364.7	581.9	581.9
11	34	4	7	0	1116.9	1366.7	1366.7
11	33	2	8	0.5	367.5	367.5	750.9
11	23	2	9	0	299.4	716.5	1349.2
11	39	3	10	0.7	266.8	266.8	1166.5
11	29	4	11	0.6	1266	1266	2281.6
11	28	1	12	0.3	265.6	265.6	265.6
11	35	2	13	0.15	516.4	516.4	516.4
11	19	3	14	0.4	333.4	749.9	749.9
11	36	4	15	0	399.5	1015.9	1015.9
11	18	1	16	0	0	0	0
11	16	2	17	0	1149.6	1149.6	1149.6
11	20	3	18	0.3	1432.8	1765.8	1765.8
11	12	4	19	0.8	233.5	233.5	2132.1
11	9	1	20	0.05	116.8	116.8	116.8
11	17	2	21	0	599.9	1317	2866.5
11	31	3	22	0.45	183.8	666.9	666.9
11	8	4	23	0.15	449.5	1149.2	1149.2
11	1	1	24	0	433.1	433.1	616.1
11	11	2	25	0	250.3	250.3	250.3
11	13	3	26	0.05	334.5	334.5	1683
11	25	4	27	0	466.5	466.5	1515.7
11	40	1	28	0	532.8	532.8	532.8
11	10	2	29	0	0	0	0
11	38	3	30	0.5	216.5	216.5	968
11	30	4	31	0	616.3	1499.2	2966.5
11	37	1	32	0.35	215.5	215.5	215.5
11	15	2	33	0	1165.4	1165.4	1298.6
11	14	3	34	0.2	616.8	2515.9	2515.9
11	21	4	35	0.1	83.3	1785.4	1785.4
11	22	1	36	0.05	267.3	267.3	267.3
11	7	2	37	0.05	233.2	233.2	432.6
11	26	3	38	0.1	782.5	782.5	1066.4
11	32	4	39	0.35	350.2	2632	3049.2
11	4	1	40	0.1	183.2	183.2	733.1
11	3	2	41	0.15	250.1	250.1	250.1
11	38	3	42	0	402.5	586.7	885.4
11	24	4	43	0.25	500.2	1982	1982
11	13	1	44	0	100.1	100.1	100.1
11	32	2	45	0	349.8	349.8	983.7
11	6	3	46	0.3	399.5	583.6	583.6
11	22	4	47	0	699.7	1416.1	1749.3
11	12	1	48	0.1	416.5	416.5	416.5
11	11	2	49	0.1	316	1082.4	1082.4
11	35	3	50	0.9	833.1	833.1	833.1
11	25	4	51	0.9	799.9	799.9	799.9
11	15	1	52	0.65	850.1	850.1	850.1
11	4	2	53	0.1	280.9	930.6	930.6
11	27	3	54	0.95	450.2	583.1	583.1
11	20	4	55	0	699.8	1299.5	1299.5
11	16	1	56	0.6	550.7	550.7	550.7
11	14	2	57	0.4	433.3	433.3	433.3
11	30	3	58	0.65	600.3	600.3	600.3
11	10	4	59	0.8	866.5	1349.7	1349.7
11	9	1	60	0.1	533.1	533.1	533.1
11	23	2	61	0.05	400.6	400.6	667.2
11	2	3	62	0	150.5	150.5	633.6
11	36	4	63	0.15	1116	1268.3	1852
11	19	1	64	0	300	300	300
11	1	2	65	0	150.2	150.2	451.3
11	8	3	66	0.15	583.3	1483	1483
11	40	4	67	0.05	133.2	817.6	1614.9
11	34	1	68	0.05	550.1	550.1	550.1
11	29	2	69	0	833	833	833
11	17	3	70	0.3	232.2	599.1	599.1
11	18	4	71	0.05	166.9	166.9	1033.2
11	28	1	72	0.6	433.2	433.2	433.2
11	33	2	73	0	233.3	233.3	933.1
11	21	3	74	0	683.4	683.4	683.4
11	31	4	75	0.45	233.1	233.1	699.2
11	39	1	76	0	349.7	349.7	349.7
11	5	2	77	0	699.9	699.9	699.9
11	37	3	78	0.05	966.3	1434.7	1983
11	7	4	79	0.1	1249.9	1249.9	1249.9
11	26	1	80	0.6	300.9	300.9	300.9
12	16	3	1	0	134.6	134.6	384.6
12	39	4	2	0.2	316.6	316.6	316.6
12	34	1	3	0.2	0	0	0
12	19	2	4	0	0	0	0
12	5	3	5	0.4	483.1	899.7	899.7
12	11	4	6	0.95	183.3	183.3	183.3
12	31	1	7	0	0	0	0
12	10	2	8	0.5	251.6	251.6	934.8
12	38	3	9	0	0	0	0
12	23	4	10	0.7	267.3	267.3	267.3
12	29	1	11	0.6	533.1	533.1	533.1
12	36	2	12	0.3	199.9	199.9	1082.5
12	17	3	13	0.15	549.8	549.8	983.6
12	2	4	14	0.4	566.3	735.7	1683.7
12	8	1	15	0	0	0	0
12	37	2	16	0	0	0	0
12	18	3	17	0	1565.4	1766.6	1766.6
12	22	4	18	0.3	150	150	150
12	28	1	19	0.8	232.2	232.2	714.8
12	1	2	20	0.05	218.1	218.1	218.1
12	26	3	21	0	0	0	0
12	35	4	22	0.45	349.9	349.9	349.9
12	7	1	23	0.15	0	0	0
12	9	2	24	0	149.4	149.4	1747.6
12	14	3	25	0	585.3	585.3	585.3
12	13	4	26	0.05	199.9	199.9	1650.1
12	3	1	27	0	0	0	0
12	15	2	28	0	364.8	364.8	364.8
12	6	3	29	0	750.1	750.1	750.1
12	20	4	30	0.5	483.2	483.2	483.2
12	27	1	31	0	0	0	0
12	24	2	32	0.35	132.9	132.9	1315.9
12	21	3	33	0	765.1	848.5	848.5
12	40	4	34	0.2	166.7	166.7	166.7
12	33	1	35	0.1	0	0	0
12	25	2	36	0.05	0	0	0
12	12	3	37	0.05	300.6	384.8	384.8
12	32	4	38	0.1	733.1	733.1	733.1
12	4	1	39	0.35	167	167	167
12	30	2	40	0.1	0	0	0
12	17	3	41	0.15	233.3	233.3	233.3
12	3	4	42	0	233.2	233.2	233.2
12	15	1	43	0.25	265.6	265.6	265.6
12	27	2	44	0	0	0	0
12	39	3	45	0	383.1	383.1	383.1
12	26	4	46	0.3	99.9	99.9	99.9
12	23	1	47	0	200.1	200.1	200.1
12	29	2	48	0.1	200	200	200
12	5	3	49	0.1	449.6	449.6	999.9
12	30	4	50	0.9	283.4	283.4	283.4
12	7	1	51	0.9	0	0	0
12	9	2	52	0.65	0	0	0
12	35	3	53	0.1	216.5	216.5	216.5
12	12	4	54	0.95	166	166	166
12	14	1	55	0	0	0	0
12	2	2	56	0.6	233.9	233.9	666.4
12	16	3	57	0.4	0	0	0
12	37	4	58	0.65	133.4	513.8	1347.1
12	32	1	59	0.8	249.6	249.6	249.6
12	25	2	60	0.1	416.4	416.4	416.4
12	11	3	61	0.05	116.6	116.6	733.1
12	10	4	62	0	0	0	0
12	24	1	63	0.15	333.1	333.1	333.1
12	22	2	64	0	1133.7	1133.7	1133.7
12	36	3	65	0	166.6	301.1	301.1
12	40	4	66	0.15	633.1	633.1	633.1
12	6	1	67	0.05	199.9	199.9	199.9
12	18	2	68	0.05	0	0	0
12	20	3	69	0	748.3	748.3	748.3
12	33	4	70	0.3	233.3	233.3	233.3
12	31	1	71	0.05	0	0	0
12	1	2	72	0.6	0	0	0
12	34	3	73	0	233.5	233.5	833.2
12	28	4	74	0	216.8	216.8	216.8
12	4	1	75	0.45	133.1	133.1	133.1
12	13	2	76	0	566.5	566.5	566.5
12	38	3	77	0	383.6	1266.2	1266.2
12	21	4	78	0.05	432.2	432.2	898.7
12	8	1	79	0.1	0	0	0
12	19	2	80	0.6	716.4	1432.4	1432.4
14	18	2	1	0	0	0	0
14	31	3	2	0.2	416.5	416.5	499.9
14	38	4	3	0.2	0	0	0
14	36	1	4	0	0	0	0
14	3	2	5	0.4	133.3	133.3	133.3
14	8	3	6	0.95	416.1	416.1	416.1
14	27	4	7	0	183.2	183.2	183.2
14	6	2	8	0.5	199.8	199.8	199.8
14	30	2	9	0	949.4	949.4	949.4
14	15	3	10	0.7	249.9	249.9	249.9
14	16	4	11	0.6	299.9	299.9	299.9
14	23	1	12	0.3	183.9	183.9	183.9
14	12	2	13	0.15	149.9	149.9	149.9
14	37	3	14	0.4	616.4	616.4	616.4
14	1	4	15	0	183.1	183.1	416.3
14	28	1	16	0	299.9	299.9	299.9
14	25	2	17	0	466.5	466.5	966.3
14	7	3	18	0.3	683.1	683.1	683.1
14	10	4	19	0.8	766.7	766.7	766.7
14	2	1	20	0.05	166.6	166.6	166.6
14	17	2	21	0	0	0	0
14	14	3	22	0.45	0	0	0
14	39	4	23	0.15	399.9	399.9	399.9
14	22	1	24	0	433.1	433.1	782.9
14	24	2	25	0	0	0	0
14	35	3	26	0.05	549.9	549.9	549.9
14	33	4	27	0	216.5	216.5	216.5
14	11	1	28	0	0	0	0
14	5	2	29	0	0	0	0
14	9	3	30	0.5	216.9	216.9	216.9
14	19	4	31	0	1083.1	1083.1	1083.1
14	13	1	32	0.35	266.6	266.6	266.6
14	32	2	33	0	283.1	283.1	283.1
14	20	3	34	0.2	0	0	0
14	26	4	35	0.1	366.1	366.1	366.1
14	29	1	36	0.05	216.6	216.6	216.6
14	34	2	37	0.05	0	0	0
14	21	3	38	0.1	699.7	699.7	699.7
14	4	4	39	0.35	0	0	0
14	40	1	40	0.1	200.3	200.3	200.3
14	1	2	41	0.15	166.4	166.4	166.4
14	10	3	42	0	116.7	116.7	116.7
14	21	4	43	0.25	449.9	449.9	2000.4
14	12	1	44	0	199.5	199.5	199.5
14	15	2	45	0	314.7	314.7	314.7
14	30	3	46	0.3	199.6	366.2	466.2
14	33	4	47	0	1198.9	1198.9	1198.9
14	32	1	48	0.1	183.3	183.3	183.3
14	6	2	49	0.1	0	0	0
14	26	3	50	0.9	168	168	168
14	4	4	51	0.9	866.9	866.9	866.9
14	38	1	52	0.65	1115.8	1115.8	1282.4
14	36	2	53	0.1	266.9	1266.4	2231.2
14	17	3	54	0.95	516.5	516.5	516.5
14	27	4	55	0	283.3	1547.9	1547.9
14	14	1	56	0.6	498.9	498.9	498.9
14	37	2	57	0.4	333.2	333.2	333.2
14	39	3	58	0.65	233	233	899.7
14	3	4	59	0.8	766.4	950.2	950.2
14	31	1	60	0.1	467.2	467.2	467.2
14	29	2	61	0.05	465.8	465.8	465.8
14	22	3	62	0	716.4	716.4	716.4
14	2	4	63	0.15	466.5	466.5	466.5
14	35	1	64	0	133.3	133.3	133.3
14	20	2	65	0	449.7	1399.3	1399.3
14	18	3	66	0.15	250	250	250
14	16	4	67	0.05	116.2	116.2	1183.2
14	13	1	68	0.05	232.9	232.9	232.9
14	7	2	69	0	166.5	166.5	166.5
14	11	3	70	0.3	248.7	248.7	248.7
14	40	4	71	0.05	0	0	0
14	9	1	72	0.6	0	0	0
14	25	2	73	0	200	200	200
14	19	3	74	0	100.1	100.1	100.1
14	5	4	75	0.45	449.8	449.8	449.8
14	23	1	76	0	865.5	865.5	865.5
14	8	2	77	0	651.3	651.3	651.3
14	34	3	78	0.05	468.7	468.7	601.7
14	24	4	79	0.1	847.9	847.9	847.9
14	28	1	80	0.6	333.1	333.1	333.1
15	39	3	1	0	416.8	416.8	416.8
15	2	4	2	0.2	832.7	832.7	832.7
15	31	1	3	0.2	0	0	0
15	34	2	4	0	1016.3	1649.9	1649.9
15	13	3	5	0.4	1083.2	1083.2	1083.2
15	12	4	6	0.95	283.7	283.7	616.9
15	33	1	7	0	0	0	0
15	23	2	8	0.5	866.4	866.4	866.4
15	32	3	9	0	483.2	483.2	483.2
15	18	4	10	0.7	1332.5	1332.5	1332.5
15	35	1	11	0.6	333.4	333.4	333.4
15	14	2	12	0.3	0	0	0
15	19	3	13	0.15	499.7	899.6	1615.4
15	7	4	14	0.4	833	833	1199.6
15	36	1	15	0	233.3	233.3	233.3
15	6	2	16	0	0	0	0
15	9	3	17	0	416.6	416.6	416.6
15	10	4	18	0.3	1249.5	1249.5	1249.5
15	28	1	19	0.8	0	0	0
15	20	2	20	0.05	349.8	349.8	649.8
15	16	3	21	0	766.3	766.3	1016.4
15	17	4	22	0.45	315.5	1649	1649
15	25	1	23	0.15	0	0	0
15	15	2	24	0	250.8	250.8	350.7
15	5	3	25	0	466.4	466.4	466.4
15	21	4	26	0.05	633.6	633.6	633.6
15	27	1	27	0	349.9	349.9	349.9
15	4	2	28	0	82.9	82.9	82.9
15	1	3	29	0	266.5	266.5	266.5
15	24	4	30	0.5	549.8	549.8	783.2
15	26	1	31	0	249.8	249.8	432.7
15	29	2	32	0.35	1216.3	1216.3	1216.3
15	38	3	33	0	399.6	399.6	617.3
15	40	4	34	0.2	216.5	216.5	2449.4
15	8	1	35	0.1	0	0	0
15	30	2	36	0.05	1465.6	1465.6	1965.5
15	22	3	37	0.05	1134.1	1134.1	1134.1
15	11	4	38	0.1	133.3	133.3	133.3
15	3	1	39	0.35	466.4	466.4	466.4
15	37	2	40	0.1	533.2	533.2	533.2
15	6	3	41	0.15	366.6	366.6	366.6
15	24	4	42	0	1499.5	1499.5	1499.5
15	2	1	43	0.25	333.6	333.6	333.6
15	9	2	44	0	216.5	216.5	216.5
15	7	3	45	0	549.7	549.7	899.6
15	34	4	46	0.3	782.9	782.9	782.9
15	36	1	47	0	266.5	266.5	266.5
15	33	2	48	0.1	250	250	250
15	11	3	49	0.1	299.9	299.9	299.9
15	26	4	50	0.9	350.4	350.4	350.4
15	17	1	51	0.9	0	0	0
15	10	2	52	0.65	266.7	266.7	966.5
15	22	3	53	0.1	883	883	1664.4
15	8	4	54	0.95	866.3	866.3	866.3
15	25	1	55	0	683.2	683.2	1349.9
15	4	2	56	0.6	1232.8	1232.8	1232.8
15	28	3	57	0.4	249.9	249.9	249.9
15	1	4	58	0.65	1166.5	1166.5	2132.7
15	19	1	59	0.8	183.1	183.1	183.1
15	38	2	60	0.1	1150.1	1150.1	1150.1
15	16	3	61	0.05	716.4	716.4	716.4
15	18	4	62	0	699.7	699.7	699.7
15	35	1	63	0.15	900.3	900.3	900.3
15	20	2	64	0	0	0	0
15	30	3	65	0	0	0	0
15	14	4	66	0.15	0	0	0
15	37	1	67	0.05	316.7	316.7	316.7
15	27	2	68	0.05	833.1	833.1	833.1
15	32	3	69	0	566.5	566.5	566.5
15	23	4	70	0.3	299.8	299.8	299.8
15	3	1	71	0.05	299.8	299.8	299.8
15	5	2	72	0.6	549.7	549.7	549.7
15	31	3	73	0	466.4	466.4	466.4
15	40	4	74	0	666.5	666.5	666.5
15	39	1	75	0.45	333.9	333.9	333.9
15	29	2	76	0	183.1	183.1	183.1
15	15	3	77	0	1699.4	1699.4	2998.9
15	21	4	78	0.05	849.7	849.7	2016
15	12	1	79	0.1	333.2	333.2	333.2
15	13	2	80	0.6	1132.9	1132.9	1132.9
16	35	4	1	0	266.6	266.6	266.6
16	34	1	2	0.2	299.9	299.9	299.9
16	39	2	3	0.2	599.8	599.8	599.8
16	26	3	4	0	500	1416.3	1416.3
16	11	4	5	0.4	233.2	233.2	233.2
16	17	1	6	0.95	0	0	0
16	16	2	7	0	383.2	383.2	383.2
16	9	3	8	0.5	682.6	1049.2	1049.2
16	3	4	9	0	449.9	449.9	3031.5
16	29	1	10	0.7	366.6	366.6	366.6
16	18	2	11	0.6	949.6	949.6	949.6
16	1	3	12	0.3	216.7	216.7	1449.5
16	19	4	13	0.15	882.9	1865.9	2482.3
16	38	1	14	0.4	249.8	249.8	249.8
16	21	2	15	0	383.1	1099.7	1099.7
16	22	3	16	0	266.5	266.5	979
16	15	4	17	0	183.3	316.6	316.6
16	24	1	18	0.3	0	0	0
16	6	2	19	0.8	633.5	1066.7	1849.8
16	23	3	20	0.05	266.5	383.1	516.3
16	5	4	21	0	466.5	466.5	1332.8
16	7	1	22	0.45	0	0	0
16	13	2	23	0.15	333.3	333.3	333.3
16	14	3	24	0	999.6	999.6	999.6
16	8	4	25	0	399.6	399.6	899.3
16	28	1	26	0.05	549.9	549.9	549.9
16	27	2	27	0	866.4	866.4	866.4
16	12	3	28	0	1066.2	1066.2	1066.2
16	2	4	29	0	366.6	2316	2316
16	20	1	30	0.5	433.1	433.1	433.1
16	32	2	31	0	299.8	299.8	849.6
16	10	3	32	0.35	216.7	216.7	216.7
16	4	4	33	0	1282.8	1282.8	1932.6
16	30	1	34	0.2	349.8	349.8	349.8
16	36	2	35	0.1	299.9	299.9	299.9
16	33	3	36	0.05	700	700	700
16	37	4	37	0.05	932.7	932.7	3632.1
16	31	1	38	0.1	266.6	266.6	266.6
16	40	2	39	0.35	383.3	383.3	383.3
16	25	3	40	0.1	1116.4	2682.6	2682.6
16	16	4	41	0.15	933	1282.9	2232.1
16	38	1	42	0	416.4	416.4	416.4
16	21	2	43	0.25	316.6	1849.4	2748.5
16	25	3	44	0	216.6	966.4	966.4
16	12	4	45	0	216.6	216.6	1232.8
16	10	1	46	0.3	266.6	266.6	266.6
16	29	2	47	0	200	1599.5	1599.5
16	30	3	48	0.1	383.2	596.6	1179.9
16	17	4	49	0.1	199.4	199.4	1298.5
16	36	1	50	0.9	716.3	716.3	966.2
16	40	2	51	0.9	0	0	0
16	7	3	52	0.65	266.5	266.5	266.5
16	19	4	53	0.1	566.4	566.4	566.4
16	3	1	54	0.95	333.2	333.2	333.2
16	35	2	55	0	599.7	599.7	3298.8
16	33	3	56	0.6	266.5	266.5	266.5
16	27	4	57	0.4	832.7	1399.1	1399.1
16	37	1	58	0.65	216.5	216.5	216.5
16	18	2	59	0.8	649	649	649
16	24	3	60	0.1	816.7	816.7	816.7
16	34	4	61	0.05	332.7	332.7	332.7
16	26	1	62	0	316.3	416.3	416.3
16	13	2	63	0.15	233	233	233
16	9	3	64	0	582.5	582.5	582.5
16	39	4	65	0	0	0	0
16	32	1	66	0.15	266.7	266.7	266.7
16	2	2	67	0.05	283.4	283.4	283.4
16	23	3	68	0.05	766.3	2166.1	2166.1
16	15	4	69	0	316.5	316.5	316.5
16	1	1	70	0.3	233.2	483.1	483.1
16	14	2	71	0.05	649.7	649.7	649.7
16	31	3	72	0.6	749.7	749.7	749.7
16	20	4	73	0	466.5	466.5	466.5
16	5	1	74	0	0	0	0
16	8	2	75	0.45	416.5	1082.9	1082.9
16	11	3	76	0	516.4	516.4	516.4
16	22	4	77	0	549.3	915.9	1931.9
16	4	1	78	0.05	799.7	799.7	1032.9
16	28	2	79	0.1	1282.8	1549.3	2132.5
16	6	3	80	0.6	699.8	1666.2	1666.2
17	1	2	1	0	166.6	166.6	166.6
17	20	3	2	0.2	0	0	0
17	7	4	3	0.2	0	0	0
17	15	1	4	0	0	0	0
17	19	2	5	0.4	182.9	182.9	182.9
17	40	3	6	0.95	0	0	0
17	22	4	7	0	166.6	166.6	166.6
17	26	2	8	0.5	0	0	0
17	36	2	9	0	781.5	781.5	781.5
17	12	3	10	0.7	482.9	482.9	482.9
17	4	4	11	0.6	0	0	0
17	30	1	12	0.3	0	0	0
17	6	2	13	0.15	217.1	217.1	483.6
17	34	3	14	0.4	0	0	0
17	9	4	15	0	0	0	0
17	25	1	16	0	332	332	332
17	18	2	17	0	183.2	183.2	183.2
17	2	3	18	0.3	316.6	316.6	316.6
17	31	4	19	0.8	266.7	266.7	266.7
17	14	1	20	0.05	0	0	0
17	35	2	21	0	0	0	0
17	27	3	22	0.45	0	0	0
17	5	4	23	0.15	0	0	0
17	17	1	24	0	166.6	166.6	166.6
17	37	2	25	0	183.3	183.3	183.3
17	29	3	26	0.05	182.8	182.8	182.8
17	38	4	27	0	333	333	333
17	32	1	28	0	0	0	0
17	33	2	29	0	216.7	216.7	216.7
17	24	3	30	0.5	0	0	0
17	39	4	31	0	200	200	200
17	16	1	32	0.35	166.6	166.6	166.6
17	3	2	33	0	500.2	500.2	500.2
17	8	3	34	0.2	0	0	0
17	23	4	35	0.1	0	0	0
17	11	1	36	0.05	0	0	0
17	13	2	37	0.05	183.1	183.1	183.1
17	28	3	38	0.1	0	0	0
17	10	4	39	0.35	83.3	83.3	83.3
17	21	1	40	0.1	266.8	266.8	266.8
17	35	2	41	0.15	116.6	116.6	300.2
17	16	3	42	0	0	0	0
17	20	4	43	0.25	183.2	183.2	183.2
17	10	1	44	0	249.9	249.9	249.9
17	31	2	45	0	299.5	299.5	299.5
17	30	3	46	0.3	0	0	0
17	23	4	47	0	783.2	783.2	1483
17	8	1	48	0.1	166.7	166.7	166.7
17	25	2	49	0.1	166.6	166.6	399.7
17	17	3	50	0.9	249.7	249.7	249.7
17	21	4	51	0.9	216.6	216.6	216.6
17	27	1	52	0.65	249.9	249.9	249.9
17	1	2	53	0.1	449.8	449.8	449.8
17	18	3	54	0.95	0	0	0
17	12	4	55	0	483.3	483.3	700
17	5	1	56	0.6	166.6	166.6	166.6
17	33	2	57	0.4	183.4	183.4	183.4
17	6	3	58	0.65	0	0	0
17	26	4	59	0.8	166.5	166.5	449.7
17	32	1	60	0.1	383.2	383.2	383.2
17	36	2	61	0.05	250	250	250
17	28	3	62	0	783.1	783.1	1099.7
17	37	4	63	0.15	383.5	383.5	383.5
17	13	1	64	0	283.2	283.2	283.2
17	24	2	65	0	199.9	199.9	199.9
17	15	3	66	0.15	0	0	0
17	34	4	67	0.05	0	0	0
17	22	1	68	0.05	0	0	0
17	3	2	69	0	183.4	183.4	183.4
17	38	3	70	0.3	283.3	283.3	283.3
17	39	4	71	0.05	200	200	200
17	19	1	72	0.6	0	0	0
17	2	2	73	0	0	0	0
17	29	3	74	0	533.1	533.1	533.1
17	11	4	75	0.45	0	0	0
17	9	1	76	0	0	0	0
17	7	2	77	0	566.5	566.5	566.5
17	4	3	78	0.05	266.6	266.6	266.6
17	14	4	79	0.1	583.1	583.1	966.3
17	40	1	80	0.6	432.9	432.9	432.9
18	16	1	1	0	266.5	266.5	266.5
18	24	2	2	0.2	366.5	366.5	1182.8
18	36	3	3	0.2	349.8	349.8	349.8
18	21	4	4	0	316.6	316.6	316.6
18	33	1	5	0.4	283.3	283.3	283.3
18	40	2	6	0.95	216.7	216.7	216.7
18	15	3	7	0	383.2	383.2	1033.3
18	11	4	8	0.5	283.2	283.2	549.9
18	23	1	9	0	283.2	283.2	283.2
18	8	2	10	0.7	83.3	83.3	516.5
18	38	3	11	0.6	649.5	649.5	649.5
18	22	4	12	0.3	200	200	616.4
18	18	1	13	0.15	0	0	0
18	7	2	14	0.4	366.5	366.5	366.5
18	32	3	15	0	516.4	516.4	1182.9
18	34	4	16	0	399.8	399.8	399.8
18	20	1	17	0	249.9	249.9	249.9
18	4	2	18	0.3	199.9	199.9	199.9
18	10	3	19	0.8	449.9	449.9	733.3
18	12	4	20	0.05	683.1	683.1	683.1
18	13	1	21	0	166.6	166.6	349.8
18	25	2	22	0.45	283.3	283.3	283.3
18	19	3	23	0.15	300	716.5	716.5
18	17	3	24	0	549.9	549.9	983.1
18	30	1	25	0	266.6	266.6	266.6
18	1	2	26	0.05	0	0	0
18	27	3	27	0	166.3	432.9	432.9
18	35	4	28	0	383.3	383.3	383.3
18	5	1	29	0	199.9	199.9	199.9
18	3	2	30	0.5	266.7	266.7	266.7
18	14	3	31	0	132.9	132.9	132.9
18	2	4	32	0.35	249.9	249.9	649.9
18	31	1	33	0	233.1	233.1	233.1
18	28	2	34	0.2	383.2	949.7	949.7
18	37	3	35	0.1	266.6	266.6	266.6
18	26	4	36	0.05	849.6	1582.6	1582.6
18	9	1	37	0.05	266.5	266.5	266.5
18	29	2	38	0.1	0	0	0
18	39	3	39	0.35	216.6	999.7	999.7
18	6	4	40	0.1	299.9	299.9	299.9
18	4	1	41	0.15	316.6	316.6	316.6
18	19	2	42	0	349.9	349.9	349.9
18	28	3	43	0.25	399.9	399.9	883.1
18	32	4	44	0	100	700.1	700.1
18	14	1	45	0	182.9	182.9	182.9
18	12	2	46	0.3	299.8	299.8	766.2
18	24	3	47	0	917.2	917.2	917.2
18	18	4	48	0.1	433.2	433.2	433.2
18	6	1	49	0.1	216.4	216.4	649.6
18	38	2	50	0.9	283.2	283.2	783.4
18	7	1	51	0.9	0	0	0
18	40	4	52	0.65	200.5	200.5	200.5
18	23	1	53	0.1	449.9	449.9	449.9
18	31	2	54	0.95	349.8	349.8	349.8
18	39	3	55	0	449.9	449.9	533.4
18	33	4	56	0.6	233.3	799.5	799.5
18	34	1	57	0.4	216.9	216.9	216.9
18	27	2	58	0.65	449.8	449.8	449.8
18	17	3	59	0.8	233.1	233.1	233.1
18	3	4	60	0.1	766.5	766.5	1033
18	8	1	61	0.05	299.9	299.9	299.9
18	26	2	62	0	200.1	200.1	200.1
18	37	3	63	0.15	0	0	0
18	13	3	64	0	383.2	1049.6	1049.6
18	20	1	65	0	266.6	266.6	266.6
18	5	2	66	0.15	233.3	233.3	233.3
18	2	3	67	0.05	333.1	882.6	882.6
18	29	4	68	0.05	116.5	116.5	116.5
18	22	1	69	0	249.9	249.9	249.9
18	15	2	70	0.3	1016.3	1016.3	1016.3
18	16	3	71	0.05	299.8	299.8	299.8
18	1	4	72	0.6	383.2	383.2	633.1
18	9	1	73	0	316.6	316.6	316.6
18	35	2	74	0	166.6	299.9	299.9
18	11	3	75	0.45	299.9	299.9	299.9
18	25	4	76	0	183.3	416.4	1149.5
18	30	1	77	0	183	316.1	316.1
18	21	2	78	0.05	366.5	799.7	799.7
18	10	3	79	0.1	266.7	266.7	266.7
18	36	4	80	0.6	349.7	616.2	616.2
19	3	3	1	0	583.1	583.1	1599.4
19	31	4	2	0.2	416.4	416.4	416.4
19	26	1	3	0.2	450	450	450
19	6	2	4	0	1699.3	1699.3	2149
19	5	3	5	0.4	2931.9	2931.9	4031.4
19	2	4	6	0.95	932.9	932.9	1416
19	19	1	7	0	449.8	449.8	533.2
19	37	2	8	0.5	99.9	499.6	1749
19	33	3	9	0	349.8	1032.8	1715.9
19	32	4	10	0.7	1282.8	1282.8	1282.8
19	30	1	11	0.6	449.8	449.8	449.8
19	14	2	12	0.3	150	150	150
19	11	3	13	0.15	799.3	799.3	1465.7
19	21	4	14	0.4	1382.7	2998.7	2998.7
19	15	1	15	0	0	0	0
19	39	2	16	0	383.2	3715.7	3715.7
19	29	3	17	0	1132.9	2032.6	2599.1
19	13	4	18	0.3	399.9	1266.2	2731.6
19	7	1	19	0.8	0	0	0
19	36	2	20	0.05	333.1	333.1	1349.2
19	40	3	21	0	466.5	1016.3	1016.3
19	1	4	22	0.45	150	1482.8	1482.8
19	22	1	23	0.15	0	0	0
19	28	2	24	0	599.7	599.7	4298.5
19	27	3	25	0	1482.9	1482.9	1482.9
19	20	4	26	0.05	849.7	1632.8	2599.1
19	4	1	27	0	0	0	0
19	12	2	28	0	1032.9	3898.5	3898.5
19	35	3	29	0	166.6	166.6	250
19	34	4	30	0.5	333.2	333.2	2916.6
19	24	1	31	0	0	0	0
19	16	2	32	0.35	733	1300	1716.5
19	18	3	33	0	983	983	1849.3
19	9	4	34	0.2	2082.5	2282.4	2549.2
19	23	1	35	0.1	666.5	666.5	666.5
19	38	2	36	0.05	467.3	467.3	750.6
19	25	3	37	0.05	0	0	0
19	10	4	38	0.1	3315.4	5097.8	6898.2
19	17	1	39	0.35	0	0	0
19	8	2	40	0.1	2482.5	2482.5	2482.5
19	24	3	41	0.15	549.8	549.8	1882.3
19	29	4	42	0	883	1232.9	3498.7
19	20	1	43	0.25	1116.3	1116.3	1116.3
19	38	2	44	0	2298.8	3798.2	3798.2
19	37	3	45	0	483.2	1066.3	1066.3
19	15	4	46	0.3	716.4	1665.9	4980.9
19	23	1	47	0	332.8	332.8	332.8
19	30	2	48	0.1	1482.7	2415.9	2415.9
19	31	3	49	0.1	466.4	1466.2	2666.4
19	13	4	50	0.9	582.8	582.8	1382.4
19	19	1	51	0.9	733	733	733
19	3	2	52	0.65	850.2	850.2	850.2
19	2	3	53	0.1	416.6	1899.4	1899.4
19	25	4	54	0.95	766.5	2532.9	2532.9
19	22	1	55	0	783	783	783
19	21	2	56	0.6	2332.4	2549	2549
19	7	3	57	0.4	566.4	749.7	749.7
19	17	4	58	0.65	0	0	0
19	14	1	59	0.8	0	0	0
19	5	2	60	0.1	316.6	1815.9	1815.9
19	6	3	61	0.05	583.3	583.3	799.9
19	32	4	62	0	749.7	1166.2	1166.2
19	11	1	63	0.15	349.8	932.6	1132.5
19	16	2	64	0	700.9	700.9	700.9
19	4	3	65	0	533.1	533.1	533.1
19	26	4	66	0.15	399.9	866.3	1116.3
19	10	1	67	0.05	515.8	1265.5	1532.1
19	9	2	68	0.05	0	0	0
19	12	3	69	0	1032.9	2765.5	2765.5
19	34	4	70	0.3	566.4	1233.6	3132
19	18	1	71	0.05	798	798	798
19	40	2	72	0.6	1399.9	1399.9	1399.9
19	35	3	73	0	216.6	216.6	1216.2
19	36	4	74	0	749.7	749.7	749.7
19	28	1	75	0.45	399.8	399.8	399.8
19	1	2	76	0	699.7	1749.3	2915.5
19	27	3	77	0	949.7	1799.4	1799.4
19	39	4	78	0.05	1599.8	1916.3	4117
19	8	1	79	0.1	249.5	249.5	249.5
19	33	2	80	0.6	83.4	2116.3	2116.3
20	21	4	1	0	449.9	899.7	899.7
20	11	1	2	0.2	516.5	516.5	866.4
20	3	2	3	0.2	183.2	266.6	266.6
20	32	3	4	0	166.7	166.7	166.7
20	25	4	5	0.4	233.5	233.5	233.5
20	6	1	6	0.95	383.2	383.2	383.2
20	16	2	7	0	749.8	749.8	749.8
20	24	3	8	0.5	516.8	516.8	516.8
20	5	4	9	0	1016.3	1016.3	1016.3
20	22	1	10	0.7	449.8	449.8	449.8
20	20	2	11	0.6	716.3	716.3	716.3
20	13	3	12	0.3	433.5	433.5	433.5
20	23	4	13	0.15	599.8	599.8	599.8
20	33	1	14	0.4	0	0	0
20	28	2	15	0	200	516.6	749.9
20	36	3	16	0	416.4	416.4	416.4
20	14	4	17	0	349.9	349.9	933
20	1	1	18	0.3	233.1	233.1	849.7
20	10	2	19	0.8	699.8	699.8	699.8
20	17	3	20	0.05	699.7	699.7	699.7
20	39	4	21	0	533.6	1016.8	1600.1
20	27	1	22	0.45	549.8	549.8	866.3
20	34	2	23	0.15	733	733	1033
20	30	3	24	0	299.8	533.1	850
20	31	4	25	0	533.2	533.2	2713.6
20	7	1	26	0.05	249.7	249.7	383
20	4	2	27	0	816.4	816.4	2065.9
20	37	3	28	0	566.1	566.1	1449.2
20	29	4	29	0	1116.3	1116.3	1832.7
20	9	1	30	0.5	233.3	233.3	233.3
20	18	2	31	0	383.2	1165.9	2948.1
20	15	3	32	0.35	932.7	932.7	932.7
20	38	4	33	0	1282.8	1282.8	4148.5
20	26	1	34	0.2	0	0	0
20	8	2	35	0.1	416.4	416.4	716.2
20	35	3	36	0.05	266.5	266.5	266.5
20	40	4	37	0.05	299.9	299.9	449.8
20	2	1	38	0.1	300	516.6	516.6
20	12	2	39	0.35	249.9	249.9	249.9
20	19	3	40	0.1	767.4	767.4	767.4
20	10	4	41	0.15	483.1	1149.6	2832.9
20	38	1	42	0	99.9	99.9	99.9
20	3	2	43	0.25	216.6	849.6	849.6
20	22	3	44	0	0	0	0
20	34	4	45	0	0	0	0
20	11	1	46	0.3	483.2	483.2	483.2
20	19	2	47	0	0	0	0
20	4	3	48	0.1	250	250	250
20	18	4	49	0.1	699.7	699.7	1316.1
20	14	1	50	0.9	166.5	166.5	166.5
20	9	2	51	0.9	0	0	0
20	25	3	52	0.65	133.2	349.7	349.7
20	16	4	53	0.1	116.6	266.5	1199.2
20	29	1	54	0.95	183.2	183.2	183.2
20	21	2	55	0	100.7	634.2	1117
20	40	3	56	0.6	399.9	399.9	399.9
20	32	4	57	0.4	182.8	182.8	516.1
20	33	1	58	0.65	0	0	0
20	27	2	59	0.8	249.4	249.4	249.4
20	1	3	60	0.1	0	0	0
20	2	4	61	0.05	150	150	633.1
20	28	1	62	0	116.7	116.7	533.3
20	23	2	63	0.15	132.9	299.4	299.4
20	37	3	64	0	149.9	533.1	699.8
20	15	4	65	0	0	0	0
20	31	1	66	0.15	249.9	366.7	366.7
20	30	2	67	0.05	349.9	349.9	349.9
20	24	3	68	0.05	83.2	433.3	433.3
20	26	4	69	0	233.2	233.2	316
20	13	1	70	0.3	0	0	0
20	17	2	71	0.05	216.6	599.8	1216.9
20	36	3	72	0.6	233.2	682.8	682.8
20	5	4	73	0	299.9	299.9	299.9
20	6	1	74	0	283.2	283.2	283.2
20	12	2	75	0.45	83.3	233.2	233.2
20	7	3	76	0	266.6	666.5	666.5
20	39	4	77	0	399.9	783.1	1332.8
20	20	1	78	0.05	250	250	533
20	8	2	79	0.1	0	0	0
20	35	3	80	0.6	433.6	433.6	433.6
21	40	1	1	0	283.1	283.1	283.1
21	1	2	2	0.2	199.9	199.9	1666.2
21	9	3	3	0.2	216.6	666.4	666.4
21	35	4	4	0	183.4	183.4	467.2
21	10	1	5	0.4	150.1	150.1	150.1
21	32	2	6	0.95	715.9	715.9	715.9
21	36	3	7	0	483.3	483.3	483.3
21	19	4	8	0.5	233.3	849.5	1349.3
21	24	1	9	0	233.3	233.3	233.3
21	37	2	10	0.7	149.4	149.4	715.7
21	33	3	11	0.6	766.4	766.4	766.4
21	25	4	12	0.3	150	150	933.1
21	13	1	13	0.15	183.3	183.3	183.3
21	3	2	14	0.4	199.9	199.9	966.3
21	16	3	15	0	266.1	1299.4	1299.4
21	29	4	16	0	232.6	232.6	2813.9
21	28	1	17	0	166.7	166.7	367.3
21	6	2	18	0.3	83.3	83.3	349.4
21	26	3	19	0.8	266.6	849.8	1183.1
21	30	4	20	0.05	183.2	183.2	882.9
21	20	1	21	0	0	0	0
21	38	2	22	0.45	649.7	1082.9	1082.9
21	23	3	23	0.15	149.9	666.4	666.4
21	21	3	24	0	283.1	916.2	999.3
21	31	1	25	0	150	150	150
21	17	2	26	0.05	216	216	216
21	22	3	27	0	249.9	466.5	949.7
21	2	4	28	0	100	100	466.3
21	5	1	29	0	166.7	166.7	799.7
21	34	2	30	0.5	166.4	166.4	166.4
21	39	3	31	0	499.7	499.7	499.7
21	15	4	32	0.35	466.5	466.5	950.2
21	7	1	33	0	133.3	133.3	133.3
21	4	2	34	0.2	266.4	266.4	1182.2
21	14	3	35	0.1	799.7	799.7	799.7
21	12	4	36	0.05	616.5	616.5	1516.3
21	27	1	37	0.05	166.6	166.6	283.3
21	8	2	38	0.1	249.9	916.3	916.3
21	18	3	39	0.35	283.2	283.2	733
21	11	4	40	0.1	383.1	383.1	383.1
21	11	1	41	0.15	0	0	0
21	24	2	42	0	583	583	1632.6
21	6	3	43	0.25	299.9	299.9	299.9
21	28	4	44	0	233.3	233.3	1116.6
21	12	1	45	0	166.6	166.6	166.6
21	26	2	46	0.3	899.3	899.3	899.3
21	17	3	47	0	900	900	900
21	9	4	48	0.1	483.2	483.2	483.2
21	34	1	49	0.1	233.3	233.3	233.3
21	13	2	50	0.9	183.3	183.3	183.3
21	14	1	51	0.9	349.8	349.8	1099.2
21	36	4	52	0.65	649.8	649.8	649.8
21	20	1	53	0.1	266.5	266.5	266.5
21	29	2	54	0.95	166.6	166.6	933
21	8	3	55	0	916.8	916.8	916.8
21	4	4	56	0.6	866.8	866.8	866.8
21	38	1	57	0.4	300.2	300.2	300.2
21	3	2	58	0.65	216.8	216.8	933
21	30	3	59	0.8	333.2	333.2	333.2
21	5	4	60	0.1	949.6	1782.6	1782.6
21	16	1	61	0.05	332.9	332.9	332.9
21	1	2	62	0	516.6	516.6	982.6
21	7	3	63	0.15	216.6	216.6	733.5
21	31	3	64	0	599.5	1216	1216
21	2	1	65	0	0	0	0
21	25	2	66	0.15	433.5	433.5	733.3
21	33	3	67	0.05	416.5	949.6	949.6
21	10	4	68	0.05	216.6	1616	1616
21	15	1	69	0	166.6	166.6	166.6
21	19	2	70	0.3	216.6	216.6	216.6
21	32	3	71	0.05	516.4	1232.8	1232.8
21	27	4	72	0.6	0	0	0
21	39	1	73	0	166.6	166.6	166.6
21	23	2	74	0	400.1	950	950
21	35	3	75	0.45	116.6	116.6	583.1
21	21	4	76	0	1024.7	1024.7	1024.7
21	18	1	77	0	200	200	200
21	40	2	78	0.05	383.3	383.3	1332.5
21	22	3	79	0.1	183.1	932.8	932.8
21	37	4	80	0.6	483.2	483.2	2265.8
22	24	2	1	0	366.5	366.5	366.5
22	21	3	2	0.2	249.9	933	933
22	26	4	3	0.2	0	0	0
22	4	1	4	0	216.6	216.6	216.6
22	36	2	5	0.4	0	0	0
22	19	3	6	0.95	733	733	733
22	29	4	7	0	599.7	599.7	599.7
22	25	2	8	0.5	282.8	282.8	282.8
22	17	2	9	0	199.9	199.9	199.9
22	34	3	10	0.7	716.5	716.5	716.5
22	23	4	11	0.6	233.2	233.2	583.1
22	5	1	12	0.3	150	150	150
22	11	2	13	0.15	0	0	0
22	9	3	14	0.4	549.9	549.9	549.9
22	30	4	15	0	399.8	399.8	399.8
22	22	1	16	0	233.7	233.7	416.4
22	35	2	17	0	548.5	548.5	548.5
22	40	3	18	0.3	383.1	1132.7	1132.7
22	2	4	19	0.8	302.1	302.1	1151.1
22	13	1	20	0.05	267	267	267
22	18	2	21	0	266.6	266.6	266.6
22	39	3	22	0.45	0	0	0
22	10	4	23	0.15	732.7	732.7	732.7
22	20	1	24	0	433.2	549.9	549.9
22	1	2	25	0	466.5	466.5	466.5
22	33	3	26	0.05	516.6	516.6	516.6
22	6	4	27	0	249.5	249.5	516
22	12	1	28	0	549.8	549.8	549.8
22	7	2	29	0	216.5	216.5	216.5
22	32	3	30	0.5	883	1232.8	1232.8
22	27	4	31	0	883	883	883
22	31	1	32	0.35	233.3	233.3	233.3
22	8	2	33	0	199.8	199.8	1099.6
22	15	3	34	0.2	782.9	782.9	782.9
22	14	4	35	0.1	1549.1	1549.1	1549.1
22	37	1	36	0.05	200.4	200.4	200.4
22	3	2	37	0.05	216.5	216.5	216.5
22	38	3	38	0.1	533.1	533.1	533.1
22	16	4	39	0.35	633.1	633.1	633.1
22	28	1	40	0.1	599.8	599.8	599.8
22	38	2	41	0.15	482.8	482.8	482.8
22	5	3	42	0	1099.7	1099.7	1099.7
22	4	4	43	0.25	1766	1766	1766
22	24	1	44	0	616.3	616.3	616.3
22	17	2	45	0	216.5	216.5	216.5
22	9	3	46	0.3	433.1	433.1	816
22	1	4	47	0	900.1	900.1	900.1
22	19	1	48	0.1	283.5	283.5	283.5
22	18	2	49	0.1	699.7	699.7	699.7
22	20	3	50	0.9	0	0	0
22	33	4	51	0.9	699.7	699.7	699.7
22	34	1	52	0.65	366.5	366.5	366.5
22	22	2	53	0.1	416.5	499.8	499.8
22	6	3	54	0.95	599.6	599.6	599.6
22	39	4	55	0	516.4	516.4	516.4
22	7	1	56	0.6	416.4	416.4	416.4
22	25	2	57	0.4	0	0	0
22	36	3	58	0.65	1266.1	1266.1	1266.1
22	35	4	59	0.8	499.5	499.5	832.7
22	15	1	60	0.1	633.2	633.2	633.2
22	27	2	61	0.05	1349.4	1349.4	1349.4
22	14	3	62	0	466.4	466.4	466.4
22	11	4	63	0.15	0	0	0
22	13	1	64	0	716.5	716.5	716.5
22	37	2	65	0	0	0	0
22	29	3	66	0.15	799.6	799.6	799.6
22	32	4	67	0.05	533.6	533.6	533.6
22	8	1	68	0.05	166.6	166.6	166.6
22	12	2	69	0	199.9	199.9	199.9
22	3	3	70	0.3	833.4	833.4	833.4
22	21	4	71	0.05	449.7	1349.5	1349.5
22	31	1	72	0.6	0	0	0
22	2	2	73	0	1299.7	1299.7	1299.7
22	30	3	74	0	283.7	283.7	683.7
22	16	4	75	0.45	899.7	899.7	899.7
22	10	1	76	0	0	0	0
22	26	2	77	0	616.3	616.3	849.6
22	40	3	78	0.05	599.8	599.8	599.8
22	23	4	79	0.1	1899.2	1899.2	1899.2
22	28	1	80	0.6	216.5	216.5	216.5
23	35	3	1	0	116.6	116.6	116.6
23	17	4	2	0.2	183.2	183.2	183.2
23	4	1	3	0.2	0	0	0
23	25	2	4	0	199.9	199.9	199.9
23	10	3	5	0.4	533.1	533.1	533.1
23	9	4	6	0.95	0	0	0
23	34	1	7	0	100	182.9	316.2
23	3	2	8	0.5	316.5	316.5	316.5
23	36	3	9	0	199.9	199.9	199.9
23	39	4	10	0.7	199.3	199.3	199.3
23	38	1	11	0.6	0	0	0
23	7	2	12	0.3	0	0	0
23	12	3	13	0.15	533	533	533
23	32	4	14	0.4	516.5	516.5	516.5
23	26	1	15	0	216.6	216.6	216.6
23	6	2	16	0	166.6	166.6	166.6
23	33	3	17	0	83	566.2	566.2
23	14	4	18	0.3	200.5	200.5	200.5
23	19	1	19	0.8	0	0	0
23	29	2	20	0.05	200	200	200
23	28	3	21	0	0	0	0
23	20	4	22	0.45	0	0	0
23	24	1	23	0.15	0	0	0
23	22	2	24	0	233.3	233.3	233.3
23	27	3	25	0	0	0	0
23	15	4	26	0.05	333.2	333.2	333.2
23	30	1	27	0	199.8	199.8	199.8
23	21	2	28	0	316.6	316.6	316.6
23	2	3	29	0	0	0	0
23	31	4	30	0.5	283.1	283.1	283.1
23	8	1	31	0	216.6	216.6	216.6
23	5	2	32	0.35	199.4	199.4	199.4
23	11	3	33	0	216.7	216.7	216.7
23	37	4	34	0.2	199.9	199.9	199.9
23	1	1	35	0.1	0	0	0
23	23	2	36	0.05	0	0	0
23	18	3	37	0.05	166.6	166.6	166.6
23	40	4	38	0.1	266.5	266.5	266.5
23	16	1	39	0.35	0	0	0
23	13	2	40	0.1	0	0	0
23	11	3	41	0.15	649.7	649.7	649.7
23	6	4	42	0	733.1	733.1	733.1
23	13	1	43	0.25	516.5	716.4	716.4
23	19	2	44	0	366.5	549.8	549.8
23	37	3	45	0	483	483	483
23	26	4	46	0.3	299.8	299.8	649.9
23	17	1	47	0	0	0	0
23	18	2	48	0.1	0	0	0
23	28	3	49	0.1	316.6	316.6	316.6
23	7	4	50	0.9	449.8	449.8	449.8
23	14	1	51	0.9	216.6	216.6	216.6
23	33	2	52	0.65	0	0	0
23	2	3	53	0.1	616.4	783	783
23	34	4	54	0.95	199.9	199.9	199.9
23	32	1	55	0	183.3	183.3	183.3
23	9	2	56	0.6	367	367	367
23	3	3	57	0.4	666.5	666.5	666.5
23	40	4	58	0.65	0	0	0
23	36	1	59	0.8	216.5	216.5	216.5
23	20	2	60	0.1	216.7	417	417
23	29	3	61	0.05	233.5	233.5	233.5
23	23	4	62	0	533.2	883.2	883.2
23	21	1	63	0.15	0	0	0
23	5	2	64	0	116.7	116.7	116.7
23	10	3	65	0	345.3	345.3	345.3
23	39	4	66	0.15	233.3	233.3	233.3
23	16	1	67	0.05	516.1	516.1	516.1
23	25	2	68	0.05	133.2	133.2	133.2
23	15	3	69	0	200.4	200.4	200.4
23	35	4	70	0.3	0	0	0
23	38	1	71	0.05	83.6	83.6	83.6
23	24	2	72	0.6	0	0	0
23	27	3	73	0	266.5	266.5	266.5
23	1	4	74	0	433.2	433.2	433.2
23	30	1	75	0.45	0	0	0
23	8	2	76	0	483.2	483.2	483.2
23	4	3	77	0	516.7	1183.2	1183.2
23	12	4	78	0.05	583.1	583.1	583.1
23	31	1	79	0.1	0	0	0
23	22	2	80	0.6	483.1	483.1	716.4
24	22	4	1	0	233.1	233.1	565.9
24	26	1	2	0.2	233.3	233.3	899.8
24	35	2	3	0.2	150	150	150
24	38	3	4	0	800	800	800
24	5	4	5	0.4	849.8	1199.7	1199.7
24	1	1	6	0.95	0	0	0
24	9	2	7	0	0	0	0
24	10	3	8	0.5	549.9	549.9	966.5
24	19	4	9	0	199.8	199.8	1882.6
24	2	1	10	0.7	300.4	300.4	300.4
24	14	2	11	0.6	716.4	716.4	1016.3
24	40	3	12	0.3	316.5	516.3	749.4
24	28	4	13	0.15	466.5	1049.7	1049.7
24	15	1	14	0.4	200	200	433.3
24	3	2	15	0	0	0	0
24	13	3	16	0	216.6	533.2	533.2
24	4	4	17	0	1782.7	1782.7	6898.2
24	36	1	18	0.3	466.5	466.5	466.5
24	11	2	19	0.8	316.5	316.5	2382.4
24	12	3	20	0.05	316.8	1499.8	1499.8
24	6	4	21	0	849.7	849.7	1616.1
24	23	1	22	0.45	766.5	766.5	766.5
24	32	2	23	0.15	383.2	383.2	816.7
24	7	3	24	0	0	0	0
24	24	4	25	0	216.3	216.3	3731.4
24	37	1	26	0.05	266.7	266.7	266.7
24	29	2	27	0	200.3	200.3	533.2
24	34	3	28	0	550	1449.6	1449.6
24	31	4	29	0	249.9	249.9	249.9
24	21	1	30	0.5	299.9	299.9	299.9
24	39	2	31	0	216.7	216.7	3032.4
24	17	3	32	0.35	816.3	1348.8	1348.8
24	18	4	33	0	133.3	133.3	133.3
24	27	1	34	0.2	266.6	266.6	266.6
24	8	2	35	0.1	200	200	200
24	30	3	36	0.05	316.6	316.6	1049.2
24	20	4	37	0.05	383.3	383.3	383.3
24	25	1	38	0.1	199.9	199.9	199.9
24	33	2	39	0.35	466.6	466.6	466.6
24	16	3	40	0.1	899.6	899.6	1149.5
24	8	4	41	0.15	1249.8	1699.7	4765.8
24	30	1	42	0	249.9	249.9	516.5
24	6	2	43	0.25	232.5	232.5	482.4
24	26	3	44	0	766.5	766.5	2082.7
24	1	4	45	0	616.4	866.4	1349.5
24	17	1	46	0.3	266.5	266.5	266.5
24	7	2	47	0	299.8	1282.6	1682.2
24	39	3	48	0.1	533	533	1366
24	22	4	49	0.1	482.8	482.8	2398.3
24	12	1	50	0.9	316.3	516.2	832.7
24	20	2	51	0.9	249.8	249.8	482.4
24	18	3	52	0.65	833	1299.5	1299.5
24	34	4	53	0.1	333.2	333.2	483.5
24	36	1	54	0.95	316.6	316.6	316.6
24	38	2	55	0	1049.4	1049.4	2565.5
24	16	3	56	0.6	316.7	316.7	783.4
24	2	4	57	0.4	249.9	249.9	932.9
24	35	1	58	0.65	800.1	800.1	800.1
24	33	2	59	0.8	219	219	219
24	19	3	60	0.1	666.5	666.5	666.5
24	31	4	61	0.05	399.9	899.6	2648.8
24	29	1	62	0	466.5	466.5	1232.9
24	11	2	63	0.15	0	0	0
24	9	3	64	0	583.1	583.1	1666.2
24	32	4	65	0	233.3	233.3	599.6
24	21	1	66	0.15	199.9	199.9	366.9
24	5	2	67	0.05	83.3	83.3	1332.4
24	13	3	68	0.05	500.3	1183.2	1183.2
24	37	4	69	0	399.7	399.7	1982.3
24	23	1	70	0.3	233.3	233.3	233.3
24	10	2	71	0.05	1499.4	1499.4	1682.7
24	14	3	72	0.6	533.1	533.1	782.7
24	28	4	73	0	749.2	749.2	2881.6
24	15	1	74	0	333.1	333.1	333.1
24	3	2	75	0.45	549.8	1132.9	1132.9
24	4	3	76	0	683.1	683.1	1432.6
24	25	4	77	0	199.9	199.9	3031.1
24	40	1	78	0.05	466.5	466.5	466.5
24	24	2	79	0.1	933	1782.7	2515.6
24	27	3	80	0.6	366.5	366.5	2449
25	10	1	1	0	583.1	583.1	583.1
25	15	2	2	0.2	1482.7	1482.7	1482.7
25	24	3	3	0.2	916.4	916.4	1332.6
25	36	4	4	0	1199.4	1199.4	1199.4
25	26	1	5	0.4	233.5	233.5	800
25	1	2	6	0.95	916.3	916.3	916.3
25	8	3	7	0	1632.7	1632.7	2549.1
25	14	4	8	0.5	1815.9	1815.9	1999.1
25	5	1	9	0	0	0	0
25	12	2	10	0.7	449.9	449.9	1682.7
25	30	3	11	0.6	1632.8	1632.8	1632.8
25	2	4	12	0.3	449.8	449.8	1115.6
25	40	1	13	0.15	383.2	383.2	383.2
25	9	2	14	0.4	1099.7	1099.7	2499
25	18	3	15	0	1116	1116	1982.1
25	17	4	16	0	733.1	733.1	2099.6
25	32	1	17	0	433	433	433
25	34	2	18	0.3	1432.6	1432.6	2115.7
25	29	3	19	0.8	1366.1	1366.1	2382.5
25	4	4	20	0.05	1616.1	1616.1	1815.9
25	35	1	21	0	466.6	466.6	1133
25	6	2	22	0.45	916.3	916.3	1999.2
25	31	3	23	0.15	733.1	733.1	1416.4
25	37	3	24	0	2065.8	2065.8	2898.7
25	13	1	25	0	999.6	999.6	999.6
25	33	2	26	0.05	0	0	0
25	22	3	27	0	750	750	1416.4
25	39	4	28	0	184.5	184.5	1983.7
25	38	1	29	0	0	0	0
25	27	2	30	0.5	383.2	383.2	383.2
25	21	3	31	0	2415.7	2415.7	3065.6
25	3	4	32	0.35	1749.9	1749.9	1983.1
25	16	1	33	0	333	333	1149.4
25	20	2	34	0.2	1699.4	1699.4	1699.4
25	28	3	35	0.1	549.7	549.7	549.7
25	25	4	36	0.05	483.2	483.2	3281.9
25	11	1	37	0.05	0	0	0
25	7	2	38	0.1	1266.3	2083.6	2800.1
25	19	3	39	0.35	1366	1366	2915.7
25	23	4	40	0.1	699.9	699.9	1082.6
25	3	1	41	0.15	483.2	483.2	483.2
25	27	2	42	0	1666	1666	1666
25	38	3	43	0.25	1182.9	1182.9	2465.8
25	37	4	44	0	1666.1	1666.1	3532.4
25	6	1	45	0	0	0	0
25	12	2	46	0.3	466.5	1682.4	2182.3
25	31	3	47	0	466.5	1649.4	2549.1
25	19	4	48	0.1	1183.3	1183.3	1183.3
25	23	1	49	0.1	799.8	799.8	799.8
25	40	2	50	0.9	999.6	999.6	2199.1
25	21	1	51	0.9	799.3	799.3	799.3
25	1	4	52	0.65	882.9	882.9	1682.6
25	34	1	53	0.1	366.6	366.6	366.6
25	18	2	54	0.95	1049.6	1049.6	1449
25	16	3	55	0	1249.5	1249.5	1716
25	5	4	56	0.6	216.5	216.5	982.9
25	15	1	57	0.4	1366.2	1366.2	1366.2
25	36	2	58	0.65	1566	1566	2315.7
25	7	3	59	0.8	516.8	516.8	1100.2
25	25	4	60	0.1	666.1	666.1	666.1
25	14	1	61	0.05	416.7	416.7	416.7
25	10	2	62	0	216.6	216.6	849.8
25	29	3	63	0.15	749.7	749.7	1232.8
25	26	3	64	0	1082.8	1082.8	1599.2
25	35	1	65	0	316.6	1566	1982.7
25	11	2	66	0.15	366.4	366.4	366.4
25	39	3	67	0.05	1132.9	1132.9	2349.2
25	32	4	68	0.05	2082.2	2082.2	2082.2
25	30	1	69	0	499.7	499.7	499.7
25	28	2	70	0.3	1399.7	1399.7	1399.7
25	22	3	71	0.05	716.5	716.5	1332.9
25	13	4	72	0.6	133.3	1932.7	2366
25	20	1	73	0	733.1	733.1	733.1
25	24	2	74	0	1033	1033	1432.8
25	33	3	75	0.45	716.5	716.5	1949.6
25	4	4	76	0	349.8	349.8	349.8
25	8	1	77	0	0	0	0
25	17	2	78	0.05	2265.7	2265.7	2265.7
25	9	3	79	0.1	2049.3	2049.3	2049.3
25	2	4	80	0.6	1099.6	1099.6	1282.4
26	22	2	1	0	383.2	383.2	383.2
26	10	3	2	0.2	0	0	0
26	13	4	3	0.2	499.8	499.8	499.8
26	15	1	4	0	0	0	0
26	11	2	5	0.4	0	0	0
26	23	3	6	0.95	283.2	283.2	283.2
26	4	4	7	0	549.8	549.8	549.8
26	5	2	8	0.5	233	233	233
26	35	2	9	0	250.3	250.3	250.3
26	36	3	10	0.7	233.2	233.2	233.2
26	1	4	11	0.6	433.2	433.2	599.4
26	34	1	12	0.3	149.9	149.9	149.9
26	27	2	13	0.15	233	233	233
26	38	3	14	0.4	249.8	249.8	249.8
26	20	4	15	0	649.7	649.7	649.7
26	18	1	16	0	216.5	216.5	216.5
26	17	2	17	0	499.9	499.9	499.9
26	32	3	18	0.3	0	0	0
26	6	4	19	0.8	549.8	766.2	766.2
26	25	1	20	0.05	233.3	433.3	433.3
26	8	2	21	0	949.5	949.5	949.5
26	9	3	22	0.45	0	0	0
26	12	4	23	0.15	599.3	599.3	599.3
26	16	1	24	0	366.5	366.5	366.5
26	7	2	25	0	216.6	216.6	216.6
26	28	3	26	0.05	433.2	433.2	433.2
26	19	4	27	0	749.7	749.7	749.7
26	29	1	28	0	0	0	0
26	40	2	29	0	166.7	166.7	166.7
26	3	3	30	0.5	249.9	249.9	249.9
26	37	4	31	0	582.9	582.9	582.9
26	33	1	32	0.35	366.5	366.5	366.5
26	14	2	33	0	0	0	0
26	2	3	34	0.2	366.6	366.6	366.6
26	30	4	35	0.1	449.8	449.8	449.8
26	31	1	36	0.05	416.6	416.6	416.6
26	39	2	37	0.05	316.5	316.5	316.5
26	24	3	38	0.1	433.3	1232.9	1232.9
26	26	4	39	0.35	183.2	183.2	183.2
26	21	1	40	0.1	316.6	316.6	316.6
26	5	2	41	0.15	216.7	216.7	216.7
26	11	3	42	0	299.9	299.9	299.9
26	20	4	43	0.25	1466.1	1466.1	2432.3
26	35	1	44	0	0	0	0
26	4	2	45	0	182.6	182.6	182.6
26	8	3	46	0.3	416.4	416.4	666.3
26	26	4	47	0	116.5	466.4	466.4
26	29	1	48	0.1	466.5	466.5	466.5
26	27	2	49	0.1	199.7	199.7	199.7
26	9	3	50	0.9	534.2	534.2	534.2
26	40	4	51	0.9	383.2	383.2	383.2
26	21	1	52	0.65	250	400	400
26	18	2	53	0.1	283.3	283.3	283.3
26	28	3	54	0.95	233.3	233.3	233.3
26	30	4	55	0	366.5	366.5	366.5
26	10	1	56	0.6	266.5	266.5	266.5
26	24	2	57	0.4	466.5	466.5	466.5
26	19	3	58	0.65	233.2	233.2	233.2
26	7	4	59	0.8	483.6	483.6	483.6
26	16	1	60	0.1	300	300	300
26	39	2	61	0.05	666.3	666.3	666.3
26	14	3	62	0	233.3	233.3	233.3
26	32	4	63	0.15	266.5	266.5	1016.2
26	23	1	64	0	166.6	166.6	166.6
26	34	2	65	0	549.8	549.8	549.8
26	15	3	66	0.15	333	333	333
26	37	4	67	0.05	216.6	216.6	633.1
26	6	1	68	0.05	199.4	199.4	199.4
26	12	2	69	0	233.5	233.5	449.5
26	13	3	70	0.3	433.2	983	983
26	1	4	71	0.05	0	0	0
26	38	1	72	0.6	250	250	250
26	31	2	73	0	216.6	383.2	383.2
26	22	3	74	0	200	200	200
26	33	4	75	0.45	383.2	383.2	383.2
26	3	1	76	0	0	0	0
26	17	2	77	0	499.7	499.7	499.7
26	25	3	78	0.05	599.5	599.5	599.5
26	36	4	79	0.1	633	633	633
26	2	1	80	0.6	166.9	166.9	166.9
27	14	3	1	0	700.1	700.1	1116.6
27	8	4	2	0.2	383.2	383.2	383.2
27	5	1	3	0.2	266.9	700.1	700.1
27	36	2	4	0	983.2	983.2	1566.3
27	22	3	5	0.4	582.7	999.1	2165.3
27	2	4	6	0.95	466.6	2449.3	2449.3
27	26	1	7	0	249.8	249.8	249.8
27	24	2	8	0.5	933.4	933.4	933.4
27	10	3	9	0	566.4	566.4	566.4
27	18	4	10	0.7	1432.9	1432.9	1432.9
27	29	1	11	0.6	566.4	566.4	566.4
27	7	2	12	0.3	0	0	0
27	30	3	13	0.15	216.9	1116.6	1116.6
27	17	4	14	0.4	1765.9	1765.9	2149
27	28	1	15	0	266.6	266.6	266.6
27	6	2	16	0	283.3	283.3	866.5
27	12	3	17	0	366.4	533	533
27	25	4	18	0.3	1182.9	1182.9	1616.1
27	35	1	19	0.8	383.3	383.3	383.3
27	1	2	20	0.05	1449.4	1449.4	1449.4
27	20	3	21	0	416.5	416.5	799.7
27	23	4	22	0.45	783.1	1183	1532.9
27	4	1	23	0.15	416.6	416.6	416.6
27	39	2	24	0	249.9	249.9	249.9
27	9	3	25	0	0	0	0
27	38	4	26	0.05	849.6	1499.9	1933
27	32	1	27	0	216.5	216.5	216.5
27	3	2	28	0	266.2	266.2	1766.1
27	33	3	29	0	383.5	383.5	383.5
27	19	4	30	0.5	1582.9	1582.9	2049.3
27	27	1	31	0	133.4	133.4	133.4
27	13	2	32	0.35	381.7	981.9	981.9
27	31	3	33	0	1032.9	1032.9	1032.9
27	16	4	34	0.2	583.1	1132.9	1132.9
27	15	1	35	0.1	200	200	200
27	11	2	36	0.05	350	350	799.7
27	37	3	37	0.05	666.4	666.4	1465.9
27	21	4	38	0.1	116.8	116.8	1466.1
27	40	1	39	0.35	499.9	499.9	499.9
27	34	2	40	0.1	183.5	183.5	183.5
27	35	3	41	0.15	599.8	916.3	916.3
27	37	4	42	0	833	833	1699.3
27	31	1	43	0.25	182.9	182.9	182.9
27	30	2	44	0	1116.3	1116.3	1116.3
27	12	3	45	0	916.3	916.3	1016
27	7	4	46	0.3	932.5	1815.4	1815.4
27	15	1	47	0	566.4	566.4	566.4
27	32	2	48	0.1	999.7	999.7	999.7
27	33	3	49	0.1	299.8	932.9	932.9
27	21	4	50	0.9	716.3	716.3	716.3
27	29	1	51	0.9	299.8	299.8	299.8
27	17	2	52	0.65	916.4	916.4	916.4
27	4	3	53	0.1	516.6	1467.3	1467.3
27	36	4	54	0.95	566.4	2032.5	2415.6
27	20	1	55	0	283.2	283.2	283.2
27	9	2	56	0.6	983.1	983.1	983.1
27	38	3	57	0.4	783	783	783
27	5	4	58	0.65	232.6	232.6	398.6
27	6	1	59	0.8	250	250	250
27	39	2	60	0.1	0	0	0
27	8	3	61	0.05	949.7	949.7	949.7
27	28	4	62	0	383.1	1199.6	1199.6
27	19	1	63	0.15	266.5	266.5	549.5
27	1	2	64	0	333.2	666.4	916.3
27	27	3	65	0	266.5	266.5	266.5
27	25	4	66	0.15	816.4	816.4	816.4
27	16	1	67	0.05	266.6	466.5	466.5
27	10	2	68	0.05	699.8	699.8	1982.6
27	34	3	69	0	449.8	449.8	449.8
27	14	4	70	0.3	216.7	216.7	216.7
27	22	1	71	0.05	183.3	183.3	183.3
27	3	2	72	0.6	599.8	599.8	599.8
27	18	3	73	0	299.9	299.9	299.9
27	26	4	74	0	283.3	283.3	666.3
27	11	1	75	0.45	400.3	400.3	400.3
27	24	2	76	0	1032.9	1032.9	1032.9
27	40	3	77	0	1332.9	1332.9	1332.9
27	13	4	78	0.05	949.6	2415.7	2415.7
27	23	1	79	0.1	399.7	399.7	399.7
27	2	2	80	0.6	1216.3	1216.3	1216.3
28	34	4	1	0	0	0	0
28	20	1	2	0.2	333.2	333.2	616.5
28	19	2	3	0.2	183.1	183.1	932.7
28	22	3	4	0	699.7	699.7	699.7
28	27	4	5	0.4	566.4	649.6	2365.8
28	5	1	6	0.95	166.7	166.7	166.7
28	15	2	7	0	433.6	433.6	433.6
28	3	3	8	0.5	449.8	1299.4	1299.4
28	10	4	9	0	433.2	433.2	1832.8
28	32	1	10	0.7	249.9	249.9	249.9
28	14	2	11	0.6	716.3	716.3	716.3
28	1	3	12	0.3	599.8	599.8	866.2
28	21	4	13	0.15	1316.1	1932.5	1932.5
28	30	1	14	0.4	0	0	0
28	16	2	15	0	949.6	949.6	1199.6
28	25	3	16	0	499.8	982.9	982.9
28	24	4	17	0	533.2	1666.2	3315.8
28	23	1	18	0.3	183.5	183.5	183.5
28	28	2	19	0.8	316.2	316.2	998.9
28	38	3	20	0.05	949.7	949.7	949.7
28	6	4	21	0	249.8	815.7	1715.4
28	17	1	22	0.45	267	267	267
28	7	2	23	0.15	316.6	316.6	1249.2
28	18	3	24	0	266.6	266.6	266.6
28	9	4	25	0	316.4	316.4	399.8
28	39	1	26	0.05	83.3	350	350
28	13	2	27	0	183.3	183.3	183.3
28	37	3	28	0	599.9	1216.3	1516.1
28	35	4	29	0	765.7	965.7	1498.8
28	29	1	30	0.5	116.6	116.6	349.9
28	40	2	31	0	150	566.5	1466.1
28	36	3	32	0.35	149.5	149.5	149.5
28	2	4	33	0	883	883	982.9
28	33	1	34	0.2	83.3	83.3	83.3
28	4	2	35	0.1	383	383	799.5
28	26	3	36	0.05	833.4	833.4	833.4
28	11	4	37	0.05	816.3	816.3	966.3
28	31	1	38	0.1	316.6	316.6	516.6
28	8	2	39	0.35	199.9	199.9	199.9
28	12	3	40	0.1	316.6	316.6	633.6
28	37	4	41	0.15	566.5	1299.6	1866.2
28	22	1	42	0	583	583	1016.5
28	21	2	43	0.25	883.1	883.1	1549.4
28	29	3	44	0	83.4	216.7	216.7
28	18	4	45	0	433.2	433.2	800
28	38	1	46	0.3	166.6	599.7	599.7
28	1	2	47	0	1050	1050	1050
28	6	3	48	0.1	166.6	166.6	166.6
28	7	4	49	0.1	799.6	799.6	799.6
28	8	1	50	0.9	499.9	499.9	499.9
28	9	2	51	0.9	0	0	0
28	26	3	52	0.65	299.8	683	683
28	28	4	53	0.1	383.1	383.1	1582.5
28	14	1	54	0.95	500.6	500.6	500.6
28	17	2	55	0	349.7	349.7	349.7
28	25	3	56	0.6	466.5	466.5	466.5
28	30	4	57	0.4	133.1	649.2	2315.4
28	19	1	58	0.65	566.5	566.5	566.5
28	33	2	59	0.8	183.3	1349.4	1349.4
28	36	3	60	0.1	0	0	0
28	39	4	61	0.05	516.5	516.5	516.5
28	13	1	62	0	566.5	566.5	566.5
28	5	2	63	0.15	666.2	666.2	666.2
28	3	3	64	0	1049.2	1049.2	1049.2
28	31	4	65	0	616.5	616.5	3714.9
28	11	1	66	0.15	0	0	0
28	2	2	67	0.05	599.8	599.8	599.8
28	35	3	68	0.05	766.3	766.3	766.3
28	12	4	69	0	316.6	316.6	883.2
28	10	1	70	0.3	833.1	833.1	833.1
28	32	2	71	0.05	832.9	832.9	832.9
28	15	3	72	0.6	483	483	483
28	4	4	73	0	483.2	483.2	2582.7
28	23	1	74	0	183.2	183.2	183.2
28	34	2	75	0.45	166.6	166.6	1149.7
28	27	3	76	0	1166.3	1166.3	1166.3
28	24	4	77	0	416.6	1766.2	3232.7
28	20	1	78	0.05	233.2	233.2	433.1
28	16	2	79	0.1	733.1	733.1	733.1
28	40	3	80	0.6	332.9	516.3	516.3
